$SPEC_ID:
No sample description was entered.
$SPEC_REM:
DET# 1
DETDESC# AICTER-PC Easy-MCA-8k SN 18110698
AP# Maestro Version 7.01
$DATE_MEA:
10/23/2023 13:55:57
$MEAS_TIM:
100 291
$DATA:
0 511
       0
       0
       0
       0
       0
       0
       0
       0
       0
       0
       0
       0
       0
       0
       0
       0
       0
       0
       0
       0
       0
       0
       0
       0
       0
       0
       0
       0
       0
       0
       0
       0
       0
       0
       0
       0
       0
       0
       0
       0
       0
       0
       0
       0
       0
       0
       0
       0
       0
       0
    2916
    2913
    2913
    2913
    2913
    2913
    2913
    2913
    2913
    2913
    2917
    5617
    3118
    2913
    2913
    2913
    2913
    2913
    2913
    2913
    2913
    2913
    3297
    5442
    2913
    2913
    2911
    2915
    2913
    2913
    2913
    2913
    2913
    2913
    5019
    3711
    2915
    2916
    2908
    2909
    2912
    2927
    2913
    2913
    2913
    2936
    5706
    2921
    2897
    2881
    2898
    2883
    2932
    3006
    2983
    2913
    2913
    3887
    4366
    2821
    2895
    2786
    2882
    2842
    2854
    2975
    3287
    3360
    2914
    3777
    3500
    2855
    2824
    2765
    2851
    2858
    2826
    2803
    3066
    3904
    3838
    3420
    2873
    2837
    2889
    2860
    2909
    2863
    2873
    2876
    2908
    3198
    4398
    3959
    2908
    2881
    2920
    2879
    2916
    2907
    2903
    2901
    2918
    2928
    3372
    4655
    3594
    2909
    2911
    2909
    2912
    2912
    2911
    2911
    2913
    2911
    2951
    3368
    4920
    3321
    2912
    2912
    2912
    2912
    2912
    2912
    2912
    2912
    2912
    2946
    3502
    4973
    3139
    2912
    2912
    2912
    2912
    2912
    2912
    2912
    2912
    2912
    2972
    3753
    4810
    3025
    2912
    2912
    2912
    2912
    2912
    2912
    2912
    2912
    2913
    2964
    3881
    4733
    2981
    2912
    2912
    2912
    2912
    2912
    2912
    2912
    2912
    2913
    2963
    4055
    4594
    2947
    2912
    2912
    2912
    2912
    2912
    2912
    2912
    2912
    2913
    2970
    4137
    4507
    2945
    2912
    2912
    2912
    2912
    2912
    2912
    2912
    2912
    2916
    3302
    4750
    3592
    2912
    2912
    2912
    2912
    2912
    2912
    2912
    2912
    2912
    2917
    3351
    4588
    3704
    2912
    2912
    2912
    2912
    2912
    2912
    2912
    2912
    2912
    2926
    3417
    4727
    3490
    2913
    2913
    2913
    2913
    2913
    2913
    2913
    2913
    2914
    2930
    3425
    4670
    3539
    2913
    2913
    2913
    2913
    2913
    2913
    2913
    2913
    2913
    2929
    3445
    4718
    3473
    2913
    2913
    2913
    2913
    2913
    2913
    2913
    2913
    2914
    2946
    3611
    4581
    3426
    2913
    2913
    2913
    2913
    2913
    2913
    2913
    2913
    2913
    2971
    3639
    4672
    3283
    2913
    2913
    2913
    2913
    2913
    2913
    2913
    2913
    2915
    2996
    3801
    4518
    3248
    2913
    2913
    2913
    2913
    2913
    2913
    2913
    2913
    2914
    3085
    3848
    4471
    3160
    2913
    2913
    2913
    2913
    2913
    2913
    2913
    2913
    2915
    3097
    4043
    4333
    3090
    2913
    2913
    2913
    2913
    2913
    2913
    2913
    2913
    2925
    3164
    4201
    4165
    3023
    2913
    2913
    2913
    2913
    2913
    2913
    2913
    2913
    2959
    3294
    4529
    3769
    2927
    2913
    2913
    2913
    2913
    2913
    2913
    2914
    2915
    2997
    3549
    4381
    3621
    2927
    2913
    2913
    2913
    2913
    2913
    2913
    2913
    2922
    3032
    3605
    4388
    3523
    2921
    2913
    2913
    2913
    2913
    2913
    2913
    2913
    2931
    3158
    4001
    4181
    3204
    2916
    2913
    2913
    2913
    2913
    2913
    2913
    2915
    2952
    3177
    4039
    4113
    3194
    2914
    2913
    2913
    2913
    2913
    2913
    2913
    2917
    2976
    3287
    4150
    3970
    3091
    2913
    2913
    2913
    2913
    2913
    2913
    2916
    2915
    2997
    3396
    4190
    3866
    3024
    2913
    2913
    2913
    2913
    2913
    2913
    2914
    2935
    3067
    4049
    1600
       0
       0
       0
       0
       0
       0
       0
       0
       0
       0
       0
       0
       0
       0
       0
       0
       0
       0
       0
       0
       0
       0
       0
       0
       0
       0
       0
       0
       0
       0
       0
       0
       0
       0
$ROI:
0
$PRESETS:
None
0
0
$ENER_FIT:
0.000000 1.000000
$MCA_CAL:
3
0.000000E+000 1.000000E+000 0.000000E+000 keV
$SHAPE_CAL:
3
0.000000E+000 0.000000E+000 0.000000E+000
