塞曼效应实验
20231204
hk

C:\Program Files (x86)\JC\20231204_hk_2
3620
118	912
119	932
120	940
121	944
122	948
123	952
124	960
125	964
126	972
127	972
128	976
129	980
130	980
131	984
132	984
133	988
134	988
135	984
136	984
137	984
138	980
139	980
140	976
141	972
142	968
143	964
144	956
145	952
146	944
147	936
148	932
149	926
150	920
151	908
152	900
153	892
154	884
155	876
156	868
157	858
158	848
159	844
160	832
161	828
162	816
163	812
164	800
165	792
166	786
167	780
168	768
169	764
170	756
171	752
172	744
173	740
174	730
175	720
176	716
177	712
178	708
179	704
180	700
181	696
182	692
183	686
184	680
185	680
186	676
187	672
188	672
189	668
190	664
191	660
192	660
193	658
194	656
195	652
196	652
197	648
198	648
199	648
200	644
201	644
202	642
203	640
204	640
205	640
206	640
207	640
208	640
209	636
210	636
211	636
212	636
213	636
214	636
215	636
216	636
217	636
218	640
219	640
220	640
221	640
222	640
223	640
224	640
225	640
226	640
227	640
228	640
229	640
230	640
231	640
232	640
233	640
234	640
235	644
236	644
237	644
238	644
239	644
240	644
241	648
242	648
243	648
244	648
245	648
246	652
247	652
248	652
249	656
250	656
251	656
252	660
253	660
254	664
255	664
256	667
257	669
258	672
259	676
260	680
261	684
262	684
263	692
264	692
265	696
266	700
267	704
268	708
269	712
270	720
271	724
272	732
273	736
274	740
275	744
276	748
277	756
278	760
279	768
280	772
281	780
282	784
283	788
284	798
285	808
286	812
287	816
288	820
289	828
290	832
291	840
292	848
293	852
294	856
295	860
296	868
297	872
298	876
299	880
300	884
301	888
302	892
303	896
304	900
305	900
306	904
307	904
308	908
309	908
310	908
311	908
312	908
313	908
314	908
315	908
316	908
317	908
318	908
319	904
320	904
321	902
322	900
323	900
324	900
325	896
326	896
327	892
328	888
329	888
330	884
331	882
332	880
333	880
334	876
335	876
336	872
337	872
338	872
339	868
340	868
341	868
342	868
343	868
344	868
345	868
346	872
347	872
348	876
349	878
350	880
351	884
352	884
353	888
354	892
355	900
356	904
357	908
358	916
359	924
360	928
361	932
362	940
363	952
364	956
365	964
366	976
367	984
368	993
369	1003
370	1012
371	1032
372	1040
373	1056
374	1068
375	1076
376	1092
377	1104
378	1120
379	1136
380	1160
381	1172
382	1184
383	1208
384	1223
385	1238
386	1254
387	1269
388	1284
389	1296
390	1308
391	1332
392	1340
393	1360
394	1372
395	1392
396	1406
397	1420
398	1428
399	1432
400	1448
401	1456
402	1460
403	1472
404	1476
405	1480
406	1486
407	1492
408	1496
409	1496
410	1500
411	1500
412	1500
413	1496
414	1496
415	1496
416	1492
417	1488
418	1484
419	1480
420	1476
421	1472
422	1468
423	1460
424	1456
425	1450
426	1444
427	1440
428	1436
429	1424
430	1424
431	1412
432	1408
433	1408
434	1400
435	1392
436	1388
437	1384
438	1384
439	1380
440	1376
441	1376
442	1372
443	1372
444	1372
445	1372
446	1372
447	1376
448	1376
449	1380
450	1384
451	1384
452	1392
453	1396
454	1400
455	1408
456	1412
457	1424
458	1432
459	1444
460	1452
461	1460
462	1472
463	1484
464	1496
465	1516
466	1528
467	1548
468	1560
469	1572
470	1596
471	1612
472	1631
473	1649
474	1668
475	1700
476	1716
477	1748
478	1768
479	1784
480	1820
481	1836
482	1862
483	1888
484	1908
485	1940
486	1960
487	1980
488	2012
489	2032
490	2060
491	2084
492	2108
493	2124
494	2136
495	2152
496	2172
497	2192
498	2204
499	2212
500	2223
501	2233
502	2244
503	2252
504	2260
505	2264
506	2268
507	2264
508	2264
509	2264
510	2260
511	2254
512	2248
513	2240
514	2228
515	2220
516	2212
517	2192
518	2180
519	2156
520	2140
521	2124
522	2108
523	2096
524	2080
525	2056
526	2040
527	2020
528	2000
529	1984
530	1962
531	1940
532	1912
533	1896
534	1884
535	1852
536	1836
537	1808
538	1796
539	1776
540	1756
541	1740
542	1716
543	1708
544	1696
545	1676
546	1668
547	1656
548	1642
549	1628
550	1620
551	1612
552	1608
553	1596
554	1592
555	1588
556	1580
557	1580
558	1580
559	1578
560	1576
561	1580
562	1580
563	1580
564	1588
565	1592
566	1604
567	1608
568	1618
569	1628
570	1632
571	1640
572	1648
573	1668
574	1676
575	1696
576	1704
577	1716
578	1732
579	1748
580	1756
581	1776
582	1788
583	1800
584	1820
585	1828
586	1848
587	1860
588	1872
589	1880
590	1888
591	1896
592	1912
593	1916
594	1928
595	1936
596	1940
597	1944
598	1948
599	1952
600	1952
601	1956
602	1952
603	1948
604	1948
605	1944
606	1936
607	1928
608	1924
609	1916
610	1912
611	1896
612	1892
613	1880
614	1864
615	1856
616	1843
617	1829
618	1816
619	1792
620	1772
621	1764
622	1752
623	1740
624	1720
625	1708
626	1692
627	1676
628	1664
629	1652
630	1632
631	1624
632	1612
633	1596
634	1584
635	1573
636	1563
637	1552
638	1540
639	1532
640	1528
641	1520
642	1516
643	1512
644	1504
645	1502
646	1500
647	1500
648	1500
649	1500
650	1500
651	1504
652	1504
653	1508
654	1516
655	1522
656	1528
657	1536
658	1540
659	1552
660	1560
661	1568
662	1588
663	1596
664	1604
665	1620
666	1636
667	1644
668	1672
669	1680
670	1696
671	1720
672	1736
673	1748
674	1780
675	1812
676	1828
677	1844
678	1860
679	1896
680	1912
681	1928
682	1960
683	1976
684	2000
685	2024
686	2040
687	2063
688	2086
689	2109
690	2132
691	2144
692	2160
693	2176
694	2192
695	2208
696	2228
697	2240
698	2244
699	2264
700	2268
701	2276
702	2284
703	2288
704	2292
705	2296
706	2292
707	2288
708	2288
709	2284
710	2276
711	2272
712	2264
713	2251
714	2237
715	2224
716	2212
717	2200
718	2188
719	2164
720	2148
721	2124
722	2108
723	2088
724	2068
725	2056
726	2040
727	2012
728	2000
729	1984
730	1956
731	1940
732	1928
733	1908
734	1888
735	1860
736	1848
737	1836
738	1812
739	1800
740	1788
741	1768
742	1756
743	1744
744	1736
745	1724
746	1716
747	1704
748	1696
749	1692
750	1680
751	1676
752	1672
753	1664
754	1656
755	1656
756	1653
757	1650
758	1647
759	1644
760	1644
761	1644
762	1643
763	1641
764	1640
765	1644
766	1644
767	1644
768	1648
769	1652
770	1652
771	1660
772	1664
773	1668
774	1672
775	1676
776	1684
777	1692
778	1700
779	1708
780	1712
781	1720
782	1728
783	1736
784	1748
785	1756
786	1764
787	1780
788	1784
789	1792
790	1804
791	1814
792	1824
793	1832
794	1836
795	1844
796	1852
797	1856
798	1860
799	1872
800	1876
801	1880
802	1884
803	1884
804	1884
805	1884
806	1884
807	1884
808	1884
809	1880
810	1876
811	1872
812	1868
813	1856
814	1852
815	1844
816	1832
817	1824
818	1816
819	1800
820	1788
821	1774
822	1760
823	1752
824	1740
825	1720
826	1712
827	1704
828	1680
829	1672
830	1660
831	1648
832	1636
833	1624
834	1612
835	1600
836	1592
837	1576
838	1568
839	1560
840	1552
841	1544
842	1536
843	1524
844	1520
845	1516
846	1508
847	1504
848	1504
849	1504
850	1504
851	1504
852	1504
853	1508
854	1512
855	1516
856	1520
857	1522
858	1525
859	1527
860	1530
861	1532
862	1580
863	1588
864	1612
865	1620
866	1632
867	1660
868	1672
869	1700
870	1719
871	1737
872	1756
873	1768
874	1788
875	1824
876	1840
877	1856
878	1896
879	1912
880	1940
881	1968
882	1988
883	2008
884	2048
885	2068
886	2084
887	2124
888	2140
889	2160
890	2186
891	2212
892	2228
893	2260
894	2276
895	2292
896	2304
897	2332
898	2348
899	2361
900	2375
901	2388
902	2404
903	2412
904	2416
905	2424
906	2432
907	2432
908	2436
909	2432
910	2428
911	2424
912	2420
913	2416
914	2396
915	2388
916	2376
917	2352
918	2340
919	2328
920	2306
921	2284
922	2268
923	2252
924	2216
925	2196
926	2176
927	2140
928	2120
929	2100
930	2068
931	2036
932	2016
933	1986
934	1956
935	1916
936	1896
937	1872
938	1836
939	1817
940	1799
941	1780
942	1744
943	1724
944	1688
945	1672
946	1656
947	1628
948	1612
949	1600
950	1580
951	1560
952	1548
953	1528
954	1516
955	1504
956	1496
957	1476
958	1468
959	1460
960	1450
961	1440
962	1436
963	1424
964	1420
965	1416
966	1408
967	1405
968	1403
969	1400
970	1397
971	1395
972	1392
973	1392
974	1392
975	1392
976	1392
977	1392
978	1396
979	1399
980	1401
981	1404
982	1408
983	1412
984	1416
985	1420
986	1424
987	1428
988	1436
989	1442
990	1448
991	1452
992	1456
993	1456
994	1464
995	1464
996	1468
997	1472
998	1476
999	1480
1000	1482
1001	1484
1002	1488
1003	1488
1004	1488
1005	1488
1006	1488
1007	1488
1008	1484
1009	1481
1010	1479
1011	1476
1012	1472
1013	1464
1014	1460
1015	1452
1016	1444
1017	1436
1018	1428
1019	1419
1020	1409
1021	1400
1022	1380
1023	1372
1024	1364
1025	1348
1026	1336
1027	1328
1028	1320
1029	1305
1030	1291
1031	1276
1032	1256
1033	1244
1034	1236
1035	1212
1036	1204
1037	1192
1038	1184
1039	1164
1040	1144
1041	1132
1042	1124
1043	1116
1044	1108
1045	1088
1046	1080
1047	1072
1048	1052
1049	1044
1050	1034
1051	1024
1052	1016
1053	1008
1054	996
1055	992
1056	984
1057	972
1058	968
1059	964
1060	959
1061	953
1062	948
1063	944
1064	936
1065	932
1066	928
1067	924
1068	920
1069	920
1070	918
1071	916
1072	916
1073	912
1074	912
1075	912
1076	912
1077	912
1078	912
1079	912
1080	912
1081	912
1082	916
1083	920
1084	920
1085	920
1086	924
1087	928
1088	932
1089	935
1090	937
1091	940
1092	940
1093	948
1094	952
1095	956
1096	956
1097	960
1098	964
1099	968
1100	972
1101	976
1102	976
1103	976
1104	980
1105	984
1106	984
1107	988
1108	988
1109	988
1110	990
1111	992
1112	992
1113	992
1114	992
1115	988
1116	988
1117	984
1118	980
1119	980
1120	974
1121	968
1122	968
1123	964
1124	960
1125	952
1126	948
1127	944
1128	936
1129	932
1130	924
1131	916
1132	912
1133	904
1134	900
1135	888
1136	880
1137	876
1138	860
1139	856
1140	848
1141	838
1142	828
1143	824
1144	816
1145	804
1146	800
1147	796
1148	784
1149	776
1150	772
1151	764
1152	756
1153	752
1154	744
1155	736
1156	732
1157	728
1158	720
1159	716
1160	712
1161	706
1162	700
1163	696
1164	696
1165	688
1166	684
1167	680
1168	676
1169	676
1170	672
1171	670
1172	668
1173	664
1174	660
1175	660
1176	656
1177	656
1178	652
1179	648
1180	648
1181	646
1182	644
1183	644
1184	640
1185	640
1186	640
1187	636
1188	636
1189	636
1190	636
1191	635
1192	633
1193	632
1194	632
1195	632
1196	632
1197	632
1198	632
1199	632
1200	632
1201	632
1202	632
1203	632
1204	632
1205	632
1206	632
1207	636
1208	636
1209	636
1210	636
1211	636
1212	636
1213	636
1214	636
1215	636
1216	636
1217	636
1218	640
1219	640
1220	640
1221	640
1222	640
1223	640
1224	640
1225	640
1226	644
1227	644
1228	644
1229	644
1230	644
1231	645
1232	647
1233	648
1234	648
1235	652
1236	652
1237	652
1238	656
1239	656
1240	656
1241	660
1242	662
1243	664
1244	668
1245	668
1246	668
1247	672
1248	676
1249	676
1250	680
1251	684
1252	690
1253	696
1254	696
1255	700
1256	704
1257	708
1258	712
1259	716
1260	720
1261	728
1262	733
1263	738
1264	742
1265	747
1266	752
1267	756
1268	764
1269	772
1270	776
1271	784
1272	789
1273	795
1274	800
1275	808
1276	812
1277	816
1278	824
1279	832
1280	836
1281	840
1282	845
1283	851
1284	856
1285	860
1286	868
1287	872
1288	876
1289	880
1290	884
1291	888
1292	892
1293	895
1294	897
1295	900
1296	904
1297	904
1298	908
1299	908
1300	912
1301	912
1302	912
1303	913
1304	915
1305	916
1306	916
1307	912
1308	912
1309	912
1310	908
1311	908
1312	908
1313	904
1314	902
1315	900
1316	896
1317	892
1318	892
1319	892
1320	888
1321	886
1322	884
1323	880
1324	878
1325	876
1326	876
1327	872
1328	868
1329	868
1330	868
1331	864
1332	868
1333	864
1334	864
1335	864
1336	864
1337	864
1338	868
1339	868
1340	868
1341	868
1342	876
1343	876
1344	876
1345	880
1346	884
1347	888
1348	896
1349	896
1350	900
1351	906
1352	912
1353	918
1354	924
1355	931
1356	937
1357	944
1358	956
1359	964
1360	972
1361	980
1362	996
1363	1004
1364	1012
1365	1026
1366	1040
1367	1048
1368	1068
1369	1080
1370	1092
1371	1104
1372	1116
1373	1136
1374	1148
1375	1164
1376	1180
1377	1196
1378	1208
1379	1220
1380	1244
1381	1256
1382	1268
1383	1292
1384	1308
1385	1326
1386	1344
1387	1354
1388	1364
1389	1384
1390	1396
1391	1404
1392	1416
1393	1432
1394	1440
1395	1448
1396	1458
1397	1468
1398	1476
1399	1480
1400	1488
1401	1492
1402	1496
1403	1496
1404	1500
1405	1500
1406	1502
1407	1504
1408	1500
1409	1500
1410	1496
1411	1496
1412	1492
1413	1488
1414	1488
1415	1480
1416	1472
1417	1464
1418	1460
1419	1456
1420	1452
1421	1448
1422	1436
1423	1432
1424	1428
1425	1424
1426	1417
1427	1411
1428	1404
1429	1396
1430	1392
1431	1388
1432	1384
1433	1380
1434	1376
1435	1372
1436	1371
1437	1369
1438	1368
1439	1364
1440	1364
1441	1364
1442	1364
1443	1364
1444	1368
1445	1368
1446	1372
1447	1376
1448	1380
1449	1380
1450	1388
1451	1392
1452	1396
1453	1404
1454	1416
1455	1424
1456	1432
1457	1444
1458	1456
1459	1468
1460	1476
1461	1484
1462	1508
1463	1520
1464	1532
1465	1556
1466	1568
1467	1580
1468	1602
1469	1624
1470	1640
1471	1652
1472	1688
1473	1708
1474	1724
1475	1740
1476	1776
1477	1796
1478	1826
1479	1856
1480	1872
1481	1892
1482	1912
1483	1948
1484	1968
1485	1988
1486	2014
1487	2040
1488	2060
1489	2084
1490	2108
1491	2124
1492	2140
1493	2156
1494	2180
1495	2192
1496	2204
1497	2224
1498	2236
1499	2246
1500	2256
1501	2260
1502	2264
1503	2268
1504	2268
1505	2268
1506	2268
1507	2268
1508	2264
1509	2259
1510	2253
1511	2248
1512	2232
1513	2224
1514	2212
1515	2204
1516	2192
1517	2168
1518	2156
1519	2144
1520	2127
1521	2109
1522	2092
1523	2060
1524	2044
1525	2028
1526	2012
1527	1980
1528	1968
1529	1948
1530	1924
1531	1900
1532	1884
1533	1868
1534	1840
1535	1824
1536	1808
1537	1796
1538	1780
1539	1748
1540	1736
1541	1718
1542	1700
1543	1688
1544	1680
1545	1668
1546	1656
1547	1640
1548	1628
1549	1620
1550	1608
1551	1601
1552	1595
1553	1588
1554	1580
1555	1576
1556	1576
1557	1572
1558	1572
1559	1568
1560	1572
1561	1575
1562	1577
1563	1580
1564	1580
1565	1592
1566	1596
1567	1600
1568	1612
1569	1620
1570	1628
1571	1636
1572	1650
1573	1664
1574	1672
1575	1680
1576	1700
1577	1712
1578	1724
1579	1744
1580	1756
1581	1768
1582	1786
1583	1804
1584	1812
1585	1824
1586	1832
1587	1852
1588	1864
1589	1872
1590	1892
1591	1900
1592	1908
1593	1918
1594	1928
1595	1932
1596	1940
1597	1944
1598	1952
1599	1956
1600	1956
1601	1956
1602	1956
1603	1956
1604	1956
1605	1956
1606	1948
1607	1944
1608	1940
1609	1932
1610	1924
1611	1916
1612	1908
1613	1896
1614	1884
1615	1872
1616	1864
1617	1840
1618	1828
1619	1816
1620	1796
1621	1784
1622	1772
1623	1760
1624	1742
1625	1724
1626	1712
1627	1696
1628	1688
1629	1664
1630	1652
1631	1640
1632	1628
1633	1604
1634	1596
1635	1582
1636	1568
1637	1560
1638	1552
1639	1544
1640	1536
1641	1524
1642	1520
1643	1516
1644	1508
1645	1504
1646	1500
1647	1496
1648	1496
1649	1496
1650	1496
1651	1492
1652	1496
1653	1498
1654	1500
1655	1504
1656	1510
1657	1516
1658	1520
1659	1524
1660	1540
1661	1548
1662	1556
1663	1560
1664	1576
1665	1588
1666	1602
1667	1616
1668	1628
1669	1636
1670	1648
1671	1676
1672	1688
1673	1704
1674	1720
1675	1752
1676	1760
1677	1768
1678	1776
1679	1784
1680	1792
1681	1800
1682	1900
1683	1916
1684	1932
1685	1952
1686	1988
1687	2009
1688	2031
1689	2052
1690	2072
1691	2088
1692	2108
1693	2124
1694	2156
1695	2168
1696	2180
1697	2196
1698	2212
1699	2228
1700	2240
1701	2260
1702	2268
1703	2276
1704	2276
1705	2284
1706	2292
1707	2292
1708	2294
1709	2296
1710	2296
1711	2292
1712	2288
1713	2280
1714	2272
1715	2268
1716	2252
1717	2244
1718	2228
1719	2212
1720	2200
1721	2188
1722	2176
1723	2148
1724	2136
1725	2120
1726	2108
1727	2092
1728	2064
1729	2048
1730	2032
1731	2016
1732	1984
1733	1968
1734	1952
1735	1920
1736	1908
1737	1892
1738	1880
1739	1861
1740	1843
1741	1824
1742	1812
1743	1788
1744	1776
1745	1768
1746	1756
1747	1736
1748	1724
1749	1716
1750	1706
1751	1696
1752	1688
1753	1680
1754	1676
1755	1664
1756	1660
1757	1656
1758	1652
1759	1644
1760	1643
1761	1641
1762	1640
1763	1636
1764	1632
1765	1632
1766	1632
1767	1636
1768	1636
1769	1636
1770	1640
1771	1642
1772	1644
1773	1644
1774	1647
1775	1650
1776	1653
1777	1656
1778	1660
1779	1668
1780	1672
1781	1677
1782	1683
1783	1688
1784	1700
1785	1708
1786	1712
1787	1720
1788	1728
1789	1744
1790	1752
1791	1760
1792	1769
1793	1779
1794	1788
1795	1796
1796	1812
1797	1816
1798	1824
1799	1832
1800	1844
1801	1848
1802	1852
1803	1860
1804	1868
1805	1872
1806	1876
1807	1880
1808	1884
1809	1884
1810	1884
1811	1884
1812	1884
1813	1881
1814	1879
1815	1876
1816	1868
1817	1864
1818	1860
1819	1856
1820	1840
1821	1834
1822	1828
1823	1817
1824	1807
1825	1796
1826	1788
1827	1768
1828	1756
1829	1748
1830	1736
1831	1716
1832	1704
1833	1696
1834	1680
1835	1664
1836	1652
1837	1640
1838	1620
1839	1608
1840	1600
1841	1592
1842	1572
1843	1564
1844	1556
1845	1546
1846	1536
1847	1532
1848	1528
1849	1520
1850	1516
1851	1508
1852	1508
1853	1504
1854	1504
1855	1504
1856	1504
1857	1504
1858	1508
1859	1508
1860	1512
1861	1516
1862	1528
1863	1532
1864	1540
1865	1548
1866	1560
1867	1572
1868	1584
1869	1592
1870	1604
1871	1624
1872	1636
1873	1652
1874	1664
1875	1692
1876	1708
1877	1724
1878	1740
1879	1772
1880	1792
1881	1812
1882	1828
1883	1868
1884	1888
1885	1908
1886	1928
1887	1958
1888	1988
1889	2006
1890	2024
1891	2068
1892	2088
1893	2108
1894	2128
1895	2164
1896	2184
1897	2204
1898	2230
1899	2256
1900	2276
1901	2292
1902	2304
1903	2320
1904	2348
1905	2360
1906	2372
1907	2384
1908	2395
1909	2405
1910	2416
1911	2420
1912	2428
1913	2432
1914	2432
1915	2436
1916	2432
1917	2428
1918	2424
1919	2416
1920	2408
1921	2396
1922	2388
1923	2376
1924	2356
1925	2344
1926	2328
1927	2316
1928	2300
1929	2264
1930	2245
1931	2227
1932	2208
1933	2168
1934	2144
1935	2124
1936	2104
1937	2060
1938	2036
1939	2016
1940	1996
1941	1964
1942	1932
1943	1912
1944	1888
1945	1848
1946	1828
1947	1808
1948	1784
1949	1748
1950	1728
1951	1702
1952	1676
1953	1660
1954	1640
1955	1628
1956	1612
1957	1592
1958	1572
1959	1556
1960	1532
1961	1520
1962	1508
1963	1496
1964	1488
1965	1472
1966	1460
1967	1452
1968	1448
1969	1432
1970	1428
1971	1420
1972	1414
1973	1408
1974	1404
1975	1400
1976	1396
1977	1392
1978	1392
1979	1392
1980	1388
1981	1388
1982	1388
1983	1388
1984	1388
1985	1392
1986	1392
1987	1396
1988	1400
1989	1400
1990	1408
1991	1410
1992	1412
1993	1416
1994	1422
1995	1428
1996	1432
1997	1436
1998	1444
1999	1448
2000	1448
2001	1452
2002	1460
2003	1464
2004	1470
2005	1476
2006	1476
2007	1480
2008	1480
2009	1484
2010	1484
2011	1488
2012	1488
2013	1484
2014	1484
2015	1484
2016	1484
2017	1480
2018	1480
2019	1476
2020	1468
2021	1464
2022	1460
2023	1456
2024	1444
2025	1437
2026	1431
2027	1424
2028	1408
2029	1400
2030	1392
2031	1384
2032	1364
2033	1356
2034	1348
2035	1336
2036	1322
2037	1308
2038	1296
2039	1284
2040	1276
2041	1252
2042	1240
2043	1228
2044	1216
2045	1196
2046	1184
2047	1168
2048	1152
2049	1144
2050	1132
2051	1120
2052	1112
2053	1104
2054	1084
2055	1076
2056	1064
2057	1056
2058	1047
2059	1037
2060	1028
2061	1020
2062	1004
2063	996
2064	992
2065	988
2066	976
2067	972
2068	964
2069	956
2070	952
2071	948
2072	944
2073	940
2074	936
2075	932
2076	932
2077	928
2078	925
2079	923
2080	920
2081	920
2082	916
2083	916
2084	916
2085	916
2086	916
2087	916
2088	920
2089	920
2090	920
2091	920
2092	924
2093	924
2094	928
2095	928
2096	932
2097	932
2098	936
2099	940
2100	943
2101	945
2102	948
2103	952
2104	956
2105	956
2106	960
2107	964
2108	968
2109	972
2110	976
2111	980
2112	984
2113	984
2114	984
2115	984
2116	988
2117	988
2118	992
2119	992
2120	992
2121	992
2122	992
2123	992
2124	992
2125	988
2126	988
2127	984
2128	984
2129	980
2130	976
2131	972
2132	966
2133	960
2134	956
2135	956
2136	948
2137	940
2138	936
2139	928
2140	924
2141	912
2142	904
2143	899
2144	893
2145	888
2146	876
2147	868
2148	860
2149	856
2150	840
2151	836
2152	828
2153	824
2154	814
2155	804
2156	796
2157	792
2158	780
2159	776
2160	768
2161	764
2162	752
2163	748
2164	743
2165	737
2166	732
2167	724
2168	720
2169	716
2170	712
2171	704
2172	700
2173	696
2174	692
2175	688
2176	684
2177	680
2178	676
2179	676
2180	668
2181	668
2182	664
2183	664
2184	660
2185	656
2186	654
2187	652
2188	648
2189	648
2190	644
2191	644
2192	644
2193	640
2194	640
2195	636
2196	636
2197	636
2198	636
2199	636
2200	632
2201	632
2202	632
2203	632
2204	632
2205	632
2206	632
2207	632
2208	632
2209	632
2210	632
2211	632
2212	632
2213	632
2214	632
2215	632
2216	632
2217	632
2218	632
2219	632
2220	632
2221	632
2222	632
2223	632
2224	636
2225	636
2226	636
2227	636
2228	636
2229	636
2230	636
2231	640
2232	640
2233	640
2234	640
2235	640
2236	640
2237	640
2238	644
2239	644
2240	644
2241	644
2242	644
2243	644
2244	648
2245	648
2246	648
2247	652
2248	652
2249	652
2250	653
2251	655
2252	656
2253	660
2254	660
2255	664
2256	664
2257	668
2258	672
2259	676
2260	676
2261	682
2262	688
2263	688
2264	692
2265	696
2266	700
2267	708
2268	708
2269	712
2270	716
2271	720
2272	726
2273	732
2274	736
2275	740
2276	748
2277	756
2278	760
2279	764
2280	768
2281	780
2282	784
2283	788
2284	792
2285	804
2286	808
2287	812
2288	816
2289	820
2290	832
2291	836
2292	840
2293	848
2294	854
2295	860
2296	864
2297	868
2298	876
2299	880
2300	882
2301	884
2302	888
2303	896
2304	898
2305	901
2306	903
2307	906
2308	908
2309	908
2310	908
2311	912
2312	912
2313	912
2314	916
2315	916
2316	916
2317	916
2318	916
2319	912
2320	912
2321	912
2322	912
2323	908
2324	904
2325	901
2326	899
2327	896
2328	896
2329	896
2330	892
2331	888
2332	888
2333	884
2334	884
2335	880
2336	880
2337	876
2338	872
2339	872
2340	872
2341	872
2342	872
2343	868
2344	868
2345	868
2346	868
2347	868
2348	868
2349	868
2350	872
2351	872
2352	872
2353	876
2354	880
2355	880
2356	884
2357	888
2358	892
2359	896
2360	900
2361	904
2362	908
2363	920
2364	924
2365	928
2366	936
2367	948
2368	952
2369	961
2370	971
2371	980
2372	988
2373	996
2374	1004
2375	1016
2376	1024
2377	1044
2378	1056
2379	1064
2380	1080
2381	1096
2382	1112
2383	1120
2384	1132
2385	1144
2386	1168
2387	1180
2388	1196
2389	1208
2390	1220
2391	1236
2392	1252
2393	1268
2394	1284
2395	1296
2396	1320
2397	1336
2398	1348
2399	1356
2400	1368
2401	1388
2402	1401
2403	1415
2404	1428
2405	1436
2406	1444
2407	1452
2408	1464
2409	1472
2410	1476
2411	1484
2412	1488
2413	1492
2414	1496
2415	1500
2416	1500
2417	1504
2418	1504
2419	1500
2420	1500
2421	1500
2422	1496
2423	1493
2424	1491
2425	1488
2426	1488
2427	1480
2428	1476
2429	1468
2430	1464
2431	1452
2432	1448
2433	1444
2434	1436
2435	1428
2436	1424
2437	1416
2438	1412
2439	1404
2440	1400
2441	1396
2442	1392
2443	1388
2444	1384
2445	1380
2446	1376
2447	1372
2448	1368
2449	1368
2450	1364
2451	1364
2452	1364
2453	1364
2454	1364
2455	1364
2456	1368
2457	1372
2458	1376
2459	1376
2460	1380
2461	1384
2462	1388
2463	1396
2464	1400
2465	1408
2466	1412
2467	1424
2468	1436
2469	1440
2470	1452
2471	1460
2472	1480
2473	1492
2474	1504
2475	1516
2476	1540
2477	1555
2478	1569
2479	1584
2480	1612
2481	1628
2482	1644
2483	1660
2484	1696
2485	1712
2486	1732
2487	1752
2488	1768
2489	1798
2490	1828
2491	1852
2492	1872
2493	1892
2494	1912
2495	1956
2496	1976
2497	1992
2498	2012
2499	2032
2500	2060
2501	2088
2502	2104
2503	2116
2504	2148
2505	2164
2506	2180
2507	2192
2508	2216
2509	2224
2510	2232
2511	2240
2512	2248
2513	2256
2514	2264
2515	2268
2516	2272
2517	2268
2518	2268
2519	2268
2520	2260
2521	2255
2522	2249
2523	2244
2524	2228
2525	2220
2526	2208
2527	2200
2528	2188
2529	2176
2530	2157
2531	2138
2532	2118
2533	2099
2534	2080
2535	2064
2536	2048
2537	2032
2538	2012
2539	2000
2540	1964
2541	1948
2542	1932
2543	1916
2544	1895
2545	1873
2546	1852
2547	1836
2548	1820
2549	1788
2550	1772
2551	1760
2552	1748
2553	1732
2554	1716
2555	1700
2556	1684
2557	1672
2558	1660
2559	1640
2560	1632
2561	1624
2562	1616
2563	1608
2564	1596
2565	1591
2566	1585
2567	1580
2568	1580
2569	1572
2570	1572
2571	1572
2572	1572
2573	1576
2574	1576
2575	1580
2576	1586
2577	1592
2578	1598
2579	1604
2580	1608
2581	1616
2582	1632
2583	1640
2584	1652
2585	1660
2586	1672
2587	1680
2588	1696
2589	1712
2590	1724
2591	1736
2592	1748
2593	1768
2594	1779
2595	1790
2596	1801
2597	1812
2598	1828
2599	1844
2600	1860
2601	1872
2602	1888
2603	1896
2604	1908
2605	1916
2606	1932
2607	1936
2608	1944
2609	1948
2610	1952
2611	1956
2612	1956
2613	1960
2614	1960
2615	1960
2616	1960
2617	1956
2618	1952
2619	1948
2620	1942
2621	1936
2622	1932
2623	1924
2624	1916
2625	1908
2626	1888
2627	1876
2628	1868
2629	1856
2630	1841
2631	1827
2632	1812
2633	1800
2634	1776
2635	1764
2636	1752
2637	1740
2638	1728
2639	1716
2640	1692
2641	1680
2642	1668
2643	1656
2644	1632
2645	1620
2646	1612
2647	1600
2648	1580
2649	1572
2650	1564
2651	1556
2652	1548
2653	1538
2654	1528
2655	1520
2656	1516
2657	1508
2658	1506
2659	1504
2660	1502
2661	1500
2662	1496
2663	1497
2664	1499
2665	1500
2666	1500
2667	1504
2668	1512
2669	1516
2670	1520
2671	1532
2672	1536
2673	1544
2674	1554
2675	1564
2676	1576
2677	1584
2678	1596
2679	1608
2680	1616
2681	1640
2682	1652
2683	1664
2684	1676
2685	1698
2686	1720
2687	1736
2688	1752
2689	1768
2690	1784
2691	1816
2692	1836
2693	1856
2694	1872
2695	1888
2696	1908
2697	1936
2698	1964
2699	1984
2700	2004
2701	2040
2702	2056
2703	2072
2704	2092
2705	2112
2706	2128
2707	2149
2708	2171
2709	2192
2710	2204
2711	2216
2712	2236
2713	2244
2714	2252
2715	2260
2716	2268
2717	2276
2718	2281
2719	2287
2720	2292
2721	2292
2722	2292
2723	2292
2724	2288
2725	2284
2726	2276
2727	2272
2728	2256
2729	2247
2730	2237
2731	2228
2732	2216
2733	2192
2734	2180
2735	2164
2736	2148
2737	2136
2738	2104
2739	2088
2740	2073
2741	2059
2742	2044
2743	2024
2744	1992
2745	1976
2746	1964
2747	1948
2748	1932
2749	1900
2750	1884
2751	1869
2752	1855
2753	1840
2754	1816
2755	1804
2756	1792
2757	1780
2758	1756
2759	1748
2760	1740
2761	1728
2762	1720
2763	1708
2764	1696
2765	1688
2766	1684
2767	1680
2768	1676
2769	1664
2770	1660
2771	1656
2772	1652
2773	1648
2774	1644
2775	1640
2776	1636
2777	1636
2778	1636
2779	1636
2780	1636
2781	1636
2782	1632
2783	1636
2784	1639
2785	1641
2786	1644
2787	1644
2788	1648
2789	1652
2790	1656
2791	1660
2792	1664
2793	1676
2794	1680
2795	1685
2796	1691
2797	1696
2798	1708
2799	1712
2800	1720
2801	1728
2802	1736
2803	1748
2804	1756
2805	1764
2806	1772
2807	1784
2808	1796
2809	1804
2810	1812
2811	1816
2812	1828
2813	1836
2814	1844
2815	1848
2816	1852
2817	1860
2818	1866
2819	1872
2820	1872
2821	1876
2822	1880
2823	1880
2824	1880
2825	1880
2826	1880
2827	1876
2828	1873
2829	1871
2830	1868
2831	1856
2832	1848
2833	1844
2834	1836
2835	1828
2836	1812
2837	1804
2838	1796
2839	1782
2840	1768
2841	1756
2842	1748
2843	1736
2844	1728
2845	1704
2846	1692
2847	1684
2848	1672
2849	1660
2850	1644
2851	1628
2852	1620
2853	1608
2854	1600
2855	1580
2856	1568
2857	1560
2858	1552
2859	1540
2860	1532
2861	1525
2862	1519
2863	1512
2864	1504
2865	1504
2866	1500
2867	1496
2868	1496
2869	1496
2870	1496
2871	1496
2872	1500
2873	1504
2874	1508
2875	1516
2876	1520
2877	1528
2878	1532
2879	1548
2880	1556
2881	1568
2882	1580
2883	1596
2884	1612
2885	1624
2886	1640
2887	1652
2888	1668
2889	1684
2890	1716
2891	1736
2892	1752
2893	1772
2894	1798
2895	1824
2896	1844
2897	1860
2898	1884
2899	1904
2900	1944
2901	1964
2902	1984
2903	2004
2904	2024
2905	2058
2906	2092
2907	2116
2908	2136
2909	2156
2910	2180
2911	2216
2912	2236
2913	2252
2914	2272
2915	2288
2916	2308
2917	2328
2918	2348
2919	2360
2920	2376
2921	2384
2922	2396
2923	2412
2924	2420
2925	2428
2926	2428
2927	2428
2928	2428
2929	2428
2930	2428
2931	2428
2932	2416
2933	2412
2934	2404
2935	2396
2936	2384
2937	2360
2938	2345
2939	2331
2940	2316
2941	2296
2942	2280
2943	2248
2944	2228
2945	2208
2946	2188
2947	2168
2948	2124
2949	2103
2950	2081
2951	2060
2952	2036
2953	2016
2954	1972
2955	1948
2956	1924
2957	1904
2958	1880
2959	1836
2960	1816
2961	1796
2962	1776
2963	1756
2964	1716
2965	1700
2966	1684
2967	1664
2968	1632
2969	1612
2970	1600
2971	1584
2972	1564
2973	1544
2974	1532
2975	1520
2976	1508
2977	1500
2978	1480
2979	1468
2980	1460
2981	1452
2982	1444
2983	1436
2984	1428
2985	1420
2986	1416
2987	1412
2988	1408
2989	1400
2990	1400
2991	1396
2992	1396
2993	1392
2994	1390
2995	1388
2996	1388
2997	1392
2998	1392
2999	1392
3000	1394
3001	1396
3002	1396
3003	1404
3004	1404
3005	1408
3006	1412
3007	1416
3008	1424
3009	1428
3010	1432
3011	1436
3012	1440
3013	1448
3014	1452
3015	1456
3016	1460
3017	1464
3018	1468
3019	1472
3020	1476
3021	1476
3022	1480
3023	1480
3024	1484
3025	1484
3026	1484
3027	1484
3028	1484
3029	1484
3030	1484
3031	1480
3032	1476
3033	1472
3034	1468
3035	1464
3036	1456
3037	1451
3038	1445
3039	1440
3040	1432
3041	1424
3042	1420
3043	1400
3044	1392
3045	1384
3046	1372
3047	1364
3048	1351
3049	1337
3050	1324
3051	1312
3052	1300
3053	1280
3054	1268
3055	1256
3056	1248
3057	1224
3058	1212
3059	1200
3060	1189
3061	1179
3062	1168
3063	1144
3064	1136
3065	1124
3066	1112
3067	1104
3068	1084
3069	1072
3070	1064
3071	1053
3072	1043
3073	1032
3074	1024
3075	1016
3076	1012
3077	996
3078	988
3079	984
3080	976
3081	972
3082	964
3083	956
3084	952
3085	948
3086	944
3087	940
3088	932
3089	932
3090	928
3091	924
3092	920
3093	918
3094	916
3095	916
3096	912
3097	912
3098	912
3099	912
3100	912
3101	912
3102	912
3103	912
3104	914
3105	916
3106	918
3107	920
3108	924
3109	924
3110	928
3111	932
3112	932
3113	940
3114	944
3115	947
3116	949
3117	952
3118	956
3119	956
3120	964
3121	964
3122	968
3123	972
3124	972
3125	976
3126	979
3127	981
3128	984
3129	988
3130	988
3131	992
3132	992
3133	992
3134	992
3135	992
3136	992
3137	992
3138	992
3139	992
3140	992
3141	992
3142	988
3143	984
3144	980
3145	980
3146	976
3147	972
3148	965
3149	959
3150	952
3151	948
3152	944
3153	936
3154	924
3155	916
3156	912
3157	904
3158	900
3159	892
3160	884
3161	876
3162	868
3163	860
3164	844
3165	840
3166	832
3167	828
3168	820
3169	816
3170	808
3171	800
3172	792
3173	784
3174	776
3175	764
3176	760
3177	756
3178	750
3179	744
3180	736
3181	732
3182	727
3183	721
3184	716
3185	712
3186	707
3187	702
3188	697
3189	692
3190	688
3191	684
3192	680
3193	677
3194	675
3195	672
3196	670
3197	668
3198	664
3199	660
3200	660
3201	656
3202	656
3203	652
3204	651
3205	649
3206	648
3207	644
3208	644
3209	640
3210	640
3211	640
3212	640
3213	640
3214	636
3215	636
3216	636
3217	636
3218	632
3219	632
3220	632
3221	632
3222	632
3223	632
3224	632
3225	632
3226	632
3227	632
3228	632
3229	632
3230	632
3231	636
3232	636
3233	636
3234	636
3235	636
3236	636
3237	636
3238	636
3239	636
3240	636
3241	636
3242	636
3243	636
3244	636
3245	636
3246	640
3247	640
3248	640
3249	640
3250	640
3251	640
3252	640
3253	640
3254	640
3255	644
3256	644
3257	644
3258	644
3259	644
3260	644
3261	646
3262	648
3263	648
3264	652
3265	656
3266	656
3267	656
3268	660
3269	660
3270	664
3271	667
3272	669
3273	672
3274	672
3275	676
3276	684
3277	684
3278	688
3279	692
3280	692
3281	700
3282	704
3283	708
3284	712
3285	720
3286	724
3287	728
3288	728
3289	740
3290	744
3291	748
3292	756
3293	762
3294	768
3295	772
3296	776
3297	780
3298	788
3299	792
3300	800
3301	808
3302	812
3303	816
3304	820
3305	828
3306	836
3307	844
3308	848
3309	852
3310	860
3311	864
3312	868
3313	872
3314	876
3315	880
3316	884
3317	888
3318	892
3319	896
3320	896
3321	904
3322	904
3323	908
3324	908
3325	908
3326	909
3327	911
3328	912
3329	912
3330	912
3331	912
3332	912
3333	912
3334	912
3335	908
3336	908
3337	908
3338	906
3339	904
3340	900
3341	900
3342	896
3343	896
3344	892
3345	888
3346	888
3347	884
3348	884
3349	880
3350	876
3351	876
3352	872
3353	872
3354	868
3355	868
3356	868
3357	868
3358	868
3359	864
3360	864
3361	864
3362	864
3363	868
3364	868
3365	868
3366	868
3367	876
3368	876
3369	880
3370	884
3371	884
3372	890
3373	896
3374	900
3375	904
3376	908
3377	912
3378	916
3379	928
3380	932
3381	940
3382	948
3383	955
3384	961
3385	968
3386	984
3387	992
3388	1000
3389	1008
3390	1020
3391	1034
3392	1048
3393	1060
3394	1071
3395	1081
3396	1092
3397	1116
3398	1128
3399	1140
3400	1152
3401	1164
3402	1180
3403	1204
3404	1216
3405	1229
3406	1243
3407	1256
3408	1284
3409	1296
3410	1312
3411	1324
3412	1336
3413	1348
3414	1360
3415	1384
3416	1395
3417	1405
3418	1416
3419	1424
3420	1444
3421	1452
3422	1460
3423	1468
3424	1472
3425	1480
3426	1488
3427	1492
3428	1496
3429	1500
3430	1504
3431	1504
3432	1504
3433	1504
3434	1504
3435	1504
3436	1502
3437	1500
3438	1496
3439	1492
3440	1488
3441	1484
3442	1480
3443	1476
3444	1472
3445	1468
3446	1460
3447	1456
3448	1444
3449	1436
3450	1431
3451	1425
3452	1420
3453	1416
3454	1408
3455	1404
3456	1400
3457	1392
3458	1388
3459	1380
3460	1376
3461	1375
3462	1373
3463	1372
3464	1368
3465	1368
3466	1368
3467	1368
3468	1364
3469	1364
3470	1368
3471	1372
3472	1372
3473	1376
3474	1380
3475	1384
3476	1392
3477	1392
3478	1400
3479	1404
3480	1408
3481	1420
3482	1428
3483	1436
3484	1450
3485	1464
3486	1472
3487	1484
3488	1496
3489	1508
3490	1520
3491	1532
3492	1550
3493	1568
3494	1586
3495	1604
3496	1622
3497	1640
3498	1672
3499	1688
3500	1708
3501	1728
3502	1748
3503	1784
3504	1808
3505	1824
3506	1856
3507	1888
3508	1908
3509	1932
3510	1948
3511	1968
3512	1988
3513	2004
3514	2044
3515	2064
3516	2084
3517	2099
3518	2113
3519	2128
3520	2160
3521	2176
3522	2188
3523	2200
3524	2212
3525	2232
3526	2244
3527	2252
3528	2256
3529	2260
3530	2264
3531	2272
3532	2272
3533	2272
3534	2272
3535	2264
3536	2260
3537	2256
3538	2252
3539	2244
3540	2230
3541	2216
3542	2208
3543	2196
3544	2184
3545	2168
3546	2144
3547	2132
3548	2116
3549	2100
3550	2084
3551	2058
3552	2032
3553	2016
3554	2000
3555	1984
3556	1964
3557	1948
3558	1912
3559	1896
3560	1880
3561	1860
3562	1836
3563	1812
3564	1796
3565	1784
3566	1768
3567	1752
3568	1736
3569	1712
3570	1700
3571	1688
3572	1676
3573	1660
3574	1644
3575	1632
3576	1624
3577	1616
3578	1612
3579	1604
3580	1592
3581	1588
3582	1584
3583	1580
3584	1576
3585	1574
3586	1572
3587	1572
3588	1576
3589	1576
3590	1580
3591	1584
3592	1592
3593	1596
3594	1604
3595	1612
3596	1622
3597	1632
3598	1640
3599	1652
3600	1660
3601	1668
3602	1680
3603	1688
3604	1712
3605	1724
3606	1736
3607	1751
3608	1765
3609	1780
3610	1792
3611	1804
3612	1820
3613	1828
3614	1852
3615	1864
3616	1872
3617	1884
3618	1896
3619	1908
3620	1916
3621	1924
3622	1932
3623	1936
3624	1944
3625	1952
3626	1956
3627	1960
3628	1960
3629	1960
3630	1960
3631	1960
3632	1956
3633	1952
3634	1948
3635	1948
3636	1940
3637	1936
3638	1920
3639	1912
3640	1900
3641	1888
3642	1876
3643	1864
3644	1856
3645	1844
3646	1832
3647	1816
3648	1804
3649	1776
3650	1764
3651	1752
3652	1739
3653	1725
3654	1712
3655	1700
3656	1672
3657	1660
3658	1648
3659	1640
3660	1624
3661	1616
3662	1596
3663	1585
3664	1575
3665	1564
3666	1556
3667	1548
3668	1532
3669	1528
3670	1524
3671	1516
3672	1512
3673	1508
3674	1508
3675	1504
3676	1500
3677	1500
3678	1500
3679	1504
3680	1504
3681	1508
3682	1508
3683	1512
3684	1516
3685	1520
3686	1528
3687	1536
3688	1544
3689	1552
3690	1560
3691	1568
3692	1576
3693	1596
3694	1608
3695	1620
3696	1632
3697	1644
3698	1664
3699	1684
3700	1696
3701	1712
3702	1728
3703	1744
3704	1776
3705	1796
3706	1812
3707	1832
3708	1852
3709	1880
3710	1908
3711	1928
3712	1948
3713	1968
3714	1988
3715	2004
3716	2040
3717	2056
3718	2076
3719	2092
3720	2109
3721	2127
3722	2144
3723	2176
3724	2192
3725	2204
3726	2216
3727	2228
3728	2248
3729	2256
3730	2264
3731	2271
3732	2277
3733	2284
3734	2288
3735	2292
3736	2296
3737	2296
