塞曼效应实验
20231211
HK

C:\Program Files (x86)\JC\20231211_HK_9
3595
86	2340
87	2352
88	2360
89	2360
90	2360
91	2356
92	2348
93	2340
94	2332
95	2316
96	2304
97	2284
98	2276
99	2260
100	2244
101	2216
102	2200
103	2184
104	2164
105	2128
106	2120
107	2096
108	2076
109	2052
110	2020
111	2004
112	1976
113	1952
114	1912
115	1896
116	1880
117	1848
118	1808
119	1800
120	1776
121	1760
122	1740
123	1712
124	1700
125	1676
126	1660
127	1640
128	1624
129	1604
130	1592
131	1576
132	1560
133	1548
134	1544
135	1528
136	1520
137	1512
138	1500
139	1492
140	1488
141	1480
142	1476
143	1472
144	1464
145	1460
146	1460
147	1456
148	1456
149	1452
150	1452
151	1452
152	1452
153	1452
154	1452
155	1452
156	1452
157	1452
158	1456
159	1456
160	1456
161	1456
162	1460
163	1460
164	1460
165	1460
166	1460
167	1464
168	1464
169	1464
170	1464
171	1464
172	1460
173	1460
174	1460
175	1456
176	1456
177	1452
178	1448
179	1444
180	1440
181	1436
182	1428
183	1424
184	1420
185	1412
186	1404
187	1396
188	1392
189	1380
190	1372
191	1356
192	1352
193	1340
194	1328
195	1316
196	1304
197	1296
198	1284
199	1272
200	1248
201	1244
202	1232
203	1216
204	1200
205	1184
206	1180
207	1164
208	1152
209	1136
210	1124
211	1112
212	1100
213	1088
214	1068
215	1064
216	1052
217	1040
218	1028
219	1016
220	1008
221	996
222	988
223	976
224	972
225	964
226	956
227	948
228	940
229	936
230	932
231	924
232	920
233	916
234	908
235	908
236	904
237	900
238	900
239	896
240	896
241	892
242	892
243	892
244	892
245	892
246	892
247	892
248	892
249	892
250	892
251	896
252	896
253	896
254	900
255	900
256	900
257	904
258	904
259	908
260	908
261	912
262	912
263	912
264	916
265	916
266	916
267	920
268	920
269	920
270	920
271	920
272	924
273	924
274	924
275	920
276	920
277	920
278	920
279	916
280	916
281	912
282	912
283	904
284	904
285	900
286	900
287	892
288	888
289	884
290	880
291	872
292	868
293	864
294	856
295	848
296	844
297	832
298	828
299	824
300	812
301	804
302	796
303	792
304	784
305	776
306	768
307	760
308	752
309	744
310	736
311	724
312	720
313	712
314	704
315	696
316	692
317	684
318	680
319	672
320	660
321	660
322	652
323	644
324	640
325	632
326	628
327	624
328	620
329	616
330	608
331	604
332	604
333	600
334	592
335	592
336	588
337	588
338	584
339	580
340	576
341	576
342	572
343	572
344	568
345	568
346	564
347	564
348	564
349	564
350	560
351	560
352	560
353	560
354	560
355	556
356	556
357	556
358	556
359	556
360	556
361	556
362	556
363	556
364	556
365	556
366	556
367	556
368	556
369	556
370	556
371	560
372	560
373	560
374	560
375	560
376	564
377	564
378	564
379	564
380	568
381	568
382	568
383	572
384	572
385	572
386	576
387	576
388	580
389	580
390	584
391	584
392	588
393	588
394	592
395	596
396	596
397	600
398	600
399	604
400	608
401	608
402	612
403	616
404	620
405	624
406	628
407	632
408	636
409	638
410	640
411	648
412	652
413	656
414	660
415	664
416	668
417	672
418	676
419	684
420	688
421	696
422	696
423	704
424	708
425	712
426	716
427	724
428	732
429	732
430	740
431	744
432	748
433	756
434	760
435	764
436	768
437	772
438	780
439	784
440	788
441	792
442	796
443	800
444	804
445	808
446	812
447	816
448	820
449	824
450	824
451	828
452	832
453	832
454	836
455	836
456	840
457	844
458	844
459	844
460	848
461	848
462	848
463	852
464	852
465	852
466	856
467	856
468	856
469	856
470	856
471	856
472	856
473	856
474	860
475	860
476	860
477	860
478	860
479	860
480	860
481	860
482	860
483	860
484	860
485	864
486	864
487	864
488	868
489	868
490	872
491	872
492	876
493	880
494	882
495	884
496	888
497	892
498	896
499	900
500	908
501	912
502	920
503	924
504	936
505	940
506	944
507	952
508	960
509	972
510	976
511	984
512	992
513	1004
514	1016
515	1024
516	1032
517	1044
518	1056
519	1068
520	1080
521	1088
522	1100
523	1120
524	1124
525	1132
526	1144
527	1157
528	1170
529	1183
530	1196
531	1208
532	1220
533	1232
534	1240
535	1252
536	1268
537	1288
538	1292
539	1300
540	1312
541	1324
542	1334
543	1344
544	1352
545	1364
546	1376
547	1388
548	1392
549	1400
550	1404
551	1416
552	1428
553	1432
554	1440
555	1444
556	1448
557	1456
558	1460
559	1464
560	1468
561	1472
562	1476
563	1480
564	1480
565	1484
566	1486
567	1488
568	1488
569	1488
570	1488
571	1488
572	1488
573	1488
574	1488
575	1488
576	1484
577	1484
578	1484
579	1484
580	1480
581	1480
582	1480
583	1480
584	1480
585	1476
586	1476
587	1476
588	1476
589	1476
590	1476
591	1476
592	1480
593	1480
594	1484
595	1488
596	1488
597	1492
598	1496
599	1500
600	1512
601	1512
602	1520
603	1528
604	1536
605	1548
606	1556
607	1560
608	1572
609	1584
610	1596
611	1604
612	1616
613	1632
614	1640
615	1656
616	1672
617	1688
618	1700
619	1712
620	1728
621	1740
622	1764
623	1776
624	1790
625	1804
626	1823
627	1842
628	1861
629	1880
630	1884
631	1900
632	1920
633	1936
634	1952
635	1964
636	1980
637	1996
638	2008
639	2024
640	2040
641	2052
642	2060
643	2076
644	2088
645	2096
646	2108
647	2120
648	2128
649	2136
650	2144
651	2152
652	2160
653	2168
654	2172
655	2176
656	2176
657	2180
658	2184
659	2184
660	2184
661	2184
662	2184
663	2184
664	2184
665	2184
666	2184
667	2168
668	2156
669	2152
670	2144
671	2132
672	2128
673	2116
674	2104
675	2096
676	2088
677	2064
678	2060
679	2052
680	2040
681	2024
682	2004
683	1992
684	1984
685	1968
686	1960
687	1936
688	1928
689	1916
690	1904
691	1888
692	1872
693	1864
694	1852
695	1840
696	1828
697	1816
698	1808
699	1800
700	1788
701	1780
702	1772
703	1764
704	1760
705	1752
706	1748
707	1740
708	1740
709	1736
710	1732
711	1728
712	1728
713	1728
714	1728
715	1728
716	1732
717	1732
718	1736
719	1736
720	1740
721	1748
722	1748
723	1756
724	1760
725	1764
726	1776
727	1776
728	1788
729	1792
730	1800
731	1812
732	1816
733	1820
734	1828
735	1840
736	1848
737	1852
738	1860
739	1868
740	1872
741	1884
742	1892
743	1896
744	1900
745	1908
746	1916
747	1920
748	1928
749	1932
750	1936
751	1940
752	1944
753	1948
754	1948
755	1952
756	1952
757	1956
758	1956
759	1956
760	1956
761	1956
762	1952
763	1952
764	1948
765	1944
766	1940
767	1940
768	1932
769	1928
770	1920
771	1916
772	1912
773	1904
774	1896
775	1888
776	1880
777	1872
778	1864
779	1856
780	1848
781	1836
782	1828
783	1820
784	1812
785	1804
786	1796
787	1784
788	1780
789	1772
790	1764
791	1756
792	1748
793	1744
794	1740
795	1732
796	1728
797	1728
798	1724
799	1720
800	1720
801	1720
802	1720
803	1720
804	1724
805	1724
806	1728
807	1732
808	1736
809	1744
810	1748
811	1756
812	1764
813	1772
814	1788
815	1792
816	1804
817	1812
818	1824
819	1844
820	1848
821	1864
822	1880
823	1896
824	1912
825	1924
826	1940
827	1948
828	1968
829	1984
830	1996
831	2016
832	2032
833	2048
834	2068
835	2080
836	2096
837	2108
838	2128
839	2144
840	2156
841	2172
842	2188
843	2200
844	2212
845	2228
846	2240
847	2256
848	2272
849	2276
850	2284
851	2296
852	2308
853	2320
854	2324
855	2332
856	2336
857	2344
858	2352
859	2352
860	2356
861	2356
862	2360
863	2360
864	2360
865	2360
866	2356
867	2356
868	2348
869	2348
870	2344
871	2336
872	2328
873	2320
874	2312
875	2308
876	2292
877	2284
878	2264
879	2260
880	2248
881	2236
882	2220
883	2200
884	2192
885	2180
886	2164
887	2152
888	2132
889	2120
890	2104
891	2092
892	2072
893	2056
894	2048
895	2032
896	2012
897	2004
898	1984
899	1972
900	1964
901	1952
902	1936
903	1924
904	1916
905	1904
906	1896
907	1888
908	1876
909	1872
910	1864
911	1860
912	1852
913	1848
914	1844
915	1840
916	1836
917	1832
918	1832
919	1828
920	1828
921	1828
922	1832
923	1832
924	1832
925	1832
926	1836
927	1838
928	1840
929	1844
930	1848
931	1852
932	1856
933	1860
934	1864
935	1864
936	1872
937	1876
938	1880
939	1884
940	1888
941	1892
942	1896
943	1900
944	1908
945	1912
946	1916
947	1924
948	1924
949	1928
950	1932
951	1932
952	1936
953	1940
954	1940
955	1944
956	1944
957	1948
958	1948
959	1948
960	1952
961	1952
962	1952
963	1952
964	1948
965	1948
966	1944
967	1942
968	1940
969	1936
970	1932
971	1928
972	1920
973	1920
974	1912
975	1908
976	1904
977	1892
978	1892
979	1884
980	1876
981	1868
982	1852
983	1852
984	1844
985	1836
986	1828
987	1816
988	1812
989	1804
990	1796
991	1788
992	1776
993	1776
994	1768
995	1760
996	1756
997	1748
998	1744
999	1740
1000	1736
1001	1736
1002	1732
1003	1728
1004	1728
1005	1728
1006	1728
1007	1732
1008	1732
1009	1732
1010	1736
1011	1740
1012	1748
1013	1752
1014	1760
1015	1768
1016	1776
1017	1788
1018	1792
1019	1804
1020	1816
1021	1828
1022	1838
1023	1848
1024	1868
1025	1884
1026	1892
1027	1924
1028	1928
1029	1940
1030	1956
1031	1976
1032	2000
1033	2008
1034	2020
1035	2040
1036	2060
1037	2084
1038	2092
1039	2108
1040	2120
1041	2140
1042	2168
1043	2172
1044	2184
1045	2200
1046	2212
1047	2240
1048	2244
1049	2252
1050	2264
1051	2280
1052	2292
1053	2296
1054	2308
1055	2312
1056	2320
1057	2332
1058	2332
1059	2340
1060	2340
1061	2344
1062	2346
1063	2348
1064	2348
1065	2348
1066	2344
1067	2342
1068	2340
1069	2332
1070	2328
1071	2320
1072	2314
1073	2308
1074	2296
1075	2284
1076	2276
1077	2252
1078	2248
1079	2236
1080	2220
1081	2200
1082	2176
1083	2172
1084	2156
1085	2136
1086	2116
1087	2098
1088	2080
1089	2056
1090	2036
1091	2016
1092	1996
1093	1976
1094	1956
1095	1936
1096	1916
1097	1896
1098	1856
1099	1848
1100	1832
1101	1808
1102	1790
1103	1772
1104	1748
1105	1736
1106	1716
1107	1692
1108	1672
1109	1660
1110	1648
1111	1632
1112	1612
1113	1600
1114	1588
1115	1572
1116	1564
1117	1552
1118	1540
1119	1532
1120	1524
1121	1516
1122	1508
1123	1500
1124	1492
1125	1488
1126	1484
1127	1476
1128	1472
1129	1468
1130	1468
1131	1464
1132	1460
1133	1460
1134	1460
1135	1456
1136	1456
1137	1456
1138	1456
1139	1456
1140	1457
1141	1458
1142	1459
1143	1460
1144	1460
1145	1460
1146	1464
1147	1464
1148	1464
1149	1464
1150	1464
1151	1468
1152	1468
1153	1468
1154	1468
1155	1468
1156	1468
1157	1468
1158	1468
1159	1468
1160	1464
1161	1462
1162	1459
1163	1457
1164	1455
1165	1453
1166	1450
1167	1448
1168	1444
1169	1440
1170	1436
1171	1432
1172	1424
1173	1412
1174	1408
1175	1404
1176	1396
1177	1388
1178	1380
1179	1372
1180	1364
1181	1352
1182	1344
1183	1334
1184	1324
1185	1312
1186	1296
1187	1288
1188	1276
1189	1264
1190	1252
1191	1240
1192	1228
1193	1216
1194	1200
1195	1192
1196	1176
1197	1168
1198	1156
1199	1140
1200	1132
1201	1116
1202	1108
1203	1096
1204	1080
1205	1072
1206	1064
1207	1052
1208	1040
1209	1028
1210	1020
1211	1012
1212	1004
1213	996
1214	980
1215	976
1216	972
1217	968
1218	956
1219	948
1220	944
1221	940
1222	932
1223	928
1224	920
1225	920
1226	916
1227	912
1228	908
1229	908
1230	904
1231	904
1232	900
1233	900
1234	900
1235	896
1236	896
1237	896
1238	896
1239	896
1240	896
1241	896
1242	896
1243	900
1244	900
1245	900
1246	904
1247	904
1248	904
1249	908
1250	908
1251	908
1252	912
1253	912
1254	916
1255	916
1256	916
1257	920
1258	920
1259	920
1260	924
1261	924
1262	924
1263	924
1264	924
1265	924
1266	924
1267	924
1268	924
1269	924
1270	924
1271	920
1272	920
1273	920
1274	916
1275	916
1276	912
1277	908
1278	904
1279	904
1280	900
1281	896
1282	892
1283	888
1284	880
1285	876
1286	872
1287	868
1288	860
1289	852
1290	848
1291	844
1292	836
1293	828
1294	820
1295	816
1296	808
1297	800
1298	792
1299	788
1300	780
1301	768
1302	764
1303	756
1304	748
1305	740
1306	732
1307	728
1308	720
1309	712
1310	704
1311	692
1312	692
1313	684
1314	676
1315	672
1316	660
1317	660
1318	656
1319	648
1320	644
1321	636
1322	628
1323	624
1324	620
1325	616
1326	612
1327	608
1328	604
1329	600
1330	596
1331	592
1332	588
1333	584
1334	584
1335	580
1336	576
1337	572
1338	572
1339	568
1340	568
1341	564
1342	564
1343	564
1344	560
1345	560
1346	560
1347	556
1348	556
1349	556
1350	556
1351	552
1352	552
1353	552
1354	552
1355	552
1356	552
1357	552
1358	552
1359	552
1360	552
1361	552
1362	552
1363	552
1364	552
1365	552
1366	552
1367	552
1368	552
1369	556
1370	556
1371	556
1372	556
1373	556
1374	560
1375	560
1376	560
1377	564
1378	564
1379	564
1380	568
1381	568
1382	568
1383	572
1384	572
1385	576
1386	576
1387	580
1388	580
1389	584
1390	584
1391	588
1392	592
1393	592
1394	596
1395	596
1396	600
1397	604
1398	608
1399	608
1400	612
1401	616
1402	620
1403	624
1404	628
1405	628
1406	628
1407	628
1408	628
1409	648
1410	648
1411	652
1412	656
1413	660
1414	668
1415	672
1416	676
1417	680
1418	684
1419	692
1420	696
1421	700
1422	704
1423	708
1424	714
1425	720
1426	724
1427	732
1428	736
1429	740
1430	744
1431	748
1432	756
1433	760
1434	764
1435	768
1436	772
1437	776
1438	780
1439	784
1440	788
1441	796
1442	796
1443	800
1444	804
1445	812
1446	816
1447	816
1448	820
1449	824
1450	828
1451	828
1452	832
1453	836
1454	836
1455	840
1456	844
1457	844
1458	844
1459	848
1460	852
1461	852
1462	852
1463	852
1464	856
1465	856
1466	856
1467	856
1468	856
1469	856
1470	860
1471	860
1472	860
1473	860
1474	860
1475	860
1476	860
1477	860
1478	860
1479	860
1480	860
1481	860
1482	860
1483	860
1484	864
1485	864
1486	864
1487	864
1488	868
1489	868
1490	868
1491	872
1492	872
1493	876
1494	876
1495	880
1496	880
1497	884
1498	888
1499	892
1500	896
1501	900
1502	908
1503	912
1504	916
1505	924
1506	928
1507	940
1508	944
1509	948
1510	956
1511	964
1512	980
1513	984
1514	988
1515	1000
1516	1008
1517	1018
1518	1028
1519	1040
1520	1052
1521	1060
1522	1070
1523	1080
1524	1092
1525	1100
1526	1112
1527	1124
1528	1144
1529	1148
1530	1160
1531	1172
1532	1184
1533	1204
1534	1208
1535	1220
1536	1232
1537	1240
1538	1260
1539	1264
1540	1276
1541	1288
1542	1296
1543	1316
1544	1320
1545	1328
1546	1340
1547	1348
1548	1358
1549	1368
1550	1376
1551	1384
1552	1392
1553	1404
1554	1412
1555	1420
1556	1424
1557	1432
1558	1436
1559	1444
1560	1448
1561	1456
1562	1460
1563	1464
1564	1468
1565	1472
1566	1476
1567	1476
1568	1480
1569	1484
1570	1484
1571	1484
1572	1484
1573	1488
1574	1488
1575	1488
1576	1488
1577	1488
1578	1484
1579	1484
1580	1484
1581	1484
1582	1484
1583	1480
1584	1480
1585	1480
1586	1480
1587	1476
1588	1476
1589	1476
1590	1476
1591	1476
1592	1476
1593	1476
1594	1476
1595	1476
1596	1476
1597	1480
1598	1484
1599	1484
1600	1488
1601	1492
1602	1496
1603	1500
1604	1504
1605	1512
1606	1520
1607	1524
1608	1532
1609	1540
1610	1548
1611	1564
1612	1568
1613	1576
1614	1588
1615	1600
1616	1612
1617	1624
1618	1636
1619	1652
1620	1664
1621	1672
1622	1696
1623	1708
1624	1720
1625	1728
1626	1748
1627	1772
1628	1776
1629	1796
1630	1812
1631	1828
1632	1852
1633	1860
1634	1872
1635	1892
1636	1904
1637	1924
1638	1940
1639	1952
1640	1972
1641	1984
1642	2000
1643	2016
1644	2028
1645	2040
1646	2052
1647	2064
1648	2084
1649	2084
1650	2100
1651	2108
1652	2120
1653	2136
1654	2140
1655	2152
1656	2156
1657	2164
1658	2168
1659	2172
1660	2176
1661	2184
1662	2188
1663	2188
1664	2188
1665	2192
1666	2192
1667	2188
1668	2188
1669	2188
1670	2184
1671	2180
1672	2174
1673	2168
1674	2162
1675	2156
1676	2148
1677	2140
1678	2132
1679	2122
1680	2112
1681	2100
1682	2092
1683	2080
1684	2068
1685	2056
1686	2044
1687	2028
1688	2020
1689	2004
1690	1988
1691	1976
1692	1960
1693	1948
1694	1936
1695	1916
1696	1908
1697	1896
1698	1884
1699	1872
1700	1864
1701	1848
1702	1836
1703	1828
1704	1816
1705	1808
1706	1796
1707	1792
1708	1780
1709	1772
1710	1768
1711	1760
1712	1756
1713	1752
1714	1748
1715	1744
1716	1740
1717	1736
1718	1736
1719	1736
1720	1736
1721	1736
1722	1736
1723	1740
1724	1740
1725	1744
1726	1748
1727	1752
1728	1756
1729	1760
1730	1764
1731	1768
1732	1780
1733	1780
1734	1788
1735	1796
1736	1804
1737	1812
1738	1816
1739	1824
1740	1832
1741	1840
1742	1846
1743	1852
1744	1864
1745	1872
1746	1876
1747	1884
1748	1896
1749	1900
1750	1908
1751	1916
1752	1920
1753	1928
1754	1932
1755	1936
1756	1940
1757	1948
1758	1952
1759	1952
1760	1956
1761	1960
1762	1960
1763	1962
1764	1964
1765	1964
1766	1964
1767	1964
1768	1964
1769	1960
1770	1960
1771	1956
1772	1952
1773	1948
1774	1944
1775	1940
1776	1936
1777	1932
1778	1924
1779	1912
1780	1908
1781	1904
1782	1896
1783	1892
1784	1872
1785	1872
1786	1864
1787	1856
1788	1848
1789	1836
1790	1828
1791	1824
1792	1812
1793	1804
1794	1796
1795	1784
1796	1780
1797	1772
1798	1768
1799	1760
1800	1752
1801	1748
1802	1744
1803	1740
1804	1736
1805	1734
1806	1732
1807	1728
1808	1728
1809	1728
1810	1728
1811	1732
1812	1732
1813	1736
1814	1740
1815	1744
1816	1752
1817	1756
1818	1760
1819	1768
1820	1776
1821	1792
1822	1796
1823	1804
1824	1812
1825	1824
1826	1836
1827	1852
1828	1868
1829	1882
1830	1896
1831	1910
1832	1924
1833	1936
1834	1948
1835	1968
1836	1980
1837	1996
1838	2012
1839	2032
1840	2044
1841	2060
1842	2076
1843	2092
1844	2104
1845	2124
1846	2136
1847	2152
1848	2172
1849	2184
1850	2192
1851	2212
1852	2220
1853	2244
1854	2248
1855	2256
1856	2272
1857	2280
1858	2300
1859	2304
1860	2312
1861	2320
1862	2328
1863	2332
1864	2344
1865	2344
1866	2352
1867	2352
1868	2360
1869	2360
1870	2360
1871	2360
1872	2360
1873	2360
1874	2356
1875	2356
1876	2352
1877	2348
1878	2340
1879	2336
1880	2328
1881	2324
1882	2316
1883	2304
1884	2292
1885	2276
1886	2272
1887	2264
1888	2248
1889	2240
1890	2212
1891	2208
1892	2196
1893	2180
1894	2168
1895	2156
1896	2140
1897	2120
1898	2108
1899	2096
1900	2080
1901	2060
1902	2048
1903	2036
1904	2020
1905	2004
1906	1992
1907	1980
1908	1968
1909	1956
1910	1944
1911	1932
1912	1920
1913	1912
1914	1900
1915	1892
1916	1884
1917	1876
1918	1868
1919	1864
1920	1856
1921	1852
1922	1844
1923	1844
1924	1836
1925	1836
1926	1832
1927	1832
1928	1832
1929	1828
1930	1828
1931	1828
1932	1832
1933	1832
1934	1832
1935	1836
1936	1836
1937	1840
1938	1844
1939	1844
1940	1852
1941	1852
1942	1856
1943	1864
1944	1864
1945	1868
1946	1872
1947	1876
1948	1888
1949	1888
1950	1892
1951	1896
1952	1900
1953	1904
1954	1912
1955	1915
1956	1918
1957	1921
1958	1924
1959	1928
1960	1932
1961	1932
1962	1936
1963	1940
1964	1942
1965	1944
1966	1948
1967	1948
1968	1952
1969	1952
1970	1952
1971	1952
1972	1952
1973	1952
1974	1948
1975	1944
1976	1944
1977	1940
1978	1940
1979	1936
1980	1932
1981	1928
1982	1920
1983	1916
1984	1912
1985	1904
1986	1896
1987	1892
1988	1884
1989	1876
1990	1868
1991	1856
1992	1856
1993	1844
1994	1840
1995	1832
1996	1824
1997	1816
1998	1808
1999	1804
2000	1792
2001	1784
2002	1776
2003	1772
2004	1768
2005	1760
2006	1756
2007	1752
2008	1748
2009	1744
2010	1740
2011	1740
2012	1738
2013	1736
2014	1736
2015	1736
2016	1736
2017	1740
2018	1744
2019	1744
2020	1752
2021	1756
2022	1764
2023	1770
2024	1776
2025	1784
2026	1796
2027	1804
2028	1814
2029	1824
2030	1840
2031	1852
2032	1864
2033	1876
2034	1892
2035	1904
2036	1916
2037	1936
2038	1948
2039	1972
2040	1980
2041	2000
2042	2012
2043	2032
2044	2048
2045	2064
2046	2080
2047	2100
2048	2112
2049	2132
2050	2152
2051	2156
2052	2180
2053	2196
2054	2208
2055	2232
2056	2236
2057	2252
2058	2260
2059	2272
2060	2282
2061	2292
2062	2304
2063	2312
2064	2324
2065	2328
2066	2340
2067	2340
2068	2348
2069	2348
2070	2356
2071	2356
2072	2356
2073	2356
2074	2356
2075	2356
2076	2352
2077	2348
2078	2344
2079	2336
2080	2328
2081	2324
2082	2312
2083	2304
2084	2292
2085	2284
2086	2276
2087	2252
2088	2244
2089	2228
2090	2216
2091	2196
2092	2184
2093	2164
2094	2148
2095	2128
2096	2112
2097	2088
2098	2064
2099	2048
2100	2032
2101	2008
2102	1988
2103	1956
2104	1948
2105	1920
2106	1904
2107	1880
2108	1844
2109	1836
2110	1820
2111	1804
2112	1776
2113	1764
2114	1732
2115	1724
2116	1700
2117	1688
2118	1664
2119	1636
2120	1632
2121	1620
2122	1604
2123	1588
2124	1580
2125	1564
2126	1556
2127	1544
2128	1536
2129	1527
2130	1518
2131	1509
2132	1500
2133	1492
2134	1488
2135	1482
2136	1476
2137	1472
2138	1468
2139	1464
2140	1464
2141	1460
2142	1456
2143	1456
2144	1456
2145	1456
2146	1456
2147	1456
2148	1452
2149	1452
2150	1452
2151	1453
2152	1454
2153	1455
2154	1456
2155	1456
2156	1456
2157	1456
2158	1456
2159	1460
2160	1460
2161	1460
2162	1460
2163	1460
2164	1460
2165	1460
2166	1460
2167	1460
2168	1460
2169	1460
2170	1456
2171	1456
2172	1452
2173	1448
2174	1448
2175	1444
2176	1440
2177	1436
2178	1432
2179	1428
2180	1424
2181	1416
2182	1412
2183	1388
2184	1396
2185	1392
2186	1384
2187	1372
2188	1364
2189	1352
2190	1348
2191	1340
2192	1328
2193	1320
2194	1310
2195	1300
2196	1288
2197	1276
2198	1264
2199	1248
2200	1232
2201	1228
2202	1212
2203	1204
2204	1188
2205	1168
2206	1164
2207	1156
2208	1144
2209	1128
2210	1120
2211	1108
2212	1100
2213	1084
2214	1076
2215	1064
2216	1048
2217	1044
2218	1028
2219	1024
2220	1016
2221	1008
2222	996
2223	992
2224	980
2225	976
2226	964
2227	956
2228	952
2229	948
2230	944
2231	936
2232	928
2233	928
2234	924
2235	920
2236	916
2237	912
2238	908
2239	908
2240	904
2241	904
2242	904
2243	900
2244	900
2245	900
2246	900
2247	900
2248	900
2249	900
2250	900
2251	900
2252	901
2253	902
2254	903
2255	904
2256	908
2257	908
2258	908
2259	912
2260	912
2261	912
2262	916
2263	916
2264	920
2265	920
2266	920
2267	920
2268	920
2269	924
2270	924
2271	924
2272	924
2273	924
2274	928
2275	924
2276	928
2277	928
2278	924
2279	924
2280	924
2281	920
2282	920
2283	920
2284	916
2285	912
2286	912
2287	908
2288	904
2289	900
2290	900
2291	892
2292	888
2293	884
2294	880
2295	876
2296	868
2297	860
2298	856
2299	852
2300	844
2301	840
2302	836
2303	828
2304	820
2305	812
2306	804
2307	796
2308	788
2309	784
2310	776
2311	768
2312	760
2313	756
2314	744
2315	740
2316	728
2317	724
2318	716
2319	704
2320	704
2321	692
2322	688
2323	680
2324	668
2325	668
2326	660
2327	656
2328	648
2329	644
2330	636
2331	632
2332	628
2333	624
2334	620
2335	612
2336	608
2337	604
2338	600
2339	596
2340	592
2341	588
2342	584
2343	584
2344	580
2345	576
2346	572
2347	572
2348	568
2349	568
2350	564
2351	562
2352	560
2353	560
2354	556
2355	556
2356	556
2357	552
2358	552
2359	552
2360	552
2361	552
2362	550
2363	548
2364	548
2365	548
2366	548
2367	548
2368	548
2369	548
2370	548
2371	548
2372	548
2373	548
2374	548
2375	548
2376	548
2377	548
2378	548
2379	548
2380	552
2381	552
2382	552
2383	552
2384	552
2385	556
2386	556
2387	556
2388	556
2389	560
2390	560
2391	564
2392	564
2393	564
2394	568
2395	568
2396	572
2397	572
2398	576
2399	576
2400	580
2401	580
2402	584
2403	588
2404	588
2405	590
2406	592
2407	596
2408	600
2409	604
2410	604
2411	608
2412	612
2413	616
2414	620
2415	624
2416	628
2417	632
2418	636
2419	640
2420	644
2421	652
2422	652
2423	656
2424	660
2425	664
2426	672
2427	676
2428	680
2429	684
2430	688
2431	696
2432	704
2433	704
2434	708
2435	716
2436	720
2437	724
2438	728
2439	736
2440	740
2441	748
2442	748
2443	756
2444	760
2445	768
2446	772
2447	776
2448	780
2449	784
2450	788
2451	792
2452	796
2453	800
2454	808
2455	808
2456	812
2457	816
2458	820
2459	824
2460	828
2461	828
2462	832
2463	836
2464	838
2465	840
2466	844
2467	848
2468	848
2469	852
2470	852
2471	856
2472	856
2473	856
2474	856
2475	858
2476	860
2477	860
2478	864
2479	864
2480	864
2481	864
2482	864
2483	864
2484	864
2485	864
2486	868
2487	868
2488	868
2489	868
2490	868
2491	868
2492	868
2493	868
2494	868
2495	868
2496	872
2497	872
2498	872
2499	876
2500	876
2501	876
2502	880
2503	884
2504	884
2505	888
2506	888
2507	892
2508	900
2509	900
2510	904
2511	908
2512	912
2513	916
2514	928
2515	928
2516	936
2517	940
2518	948
2519	954
2520	960
2521	968
2522	980
2523	984
2524	996
2525	1008
2526	1016
2527	1024
2528	1032
2529	1044
2530	1060
2531	1064
2532	1072
2533	1088
2534	1096
2535	1108
2536	1120
2537	1128
2538	1144
2539	1152
2540	1164
2541	1174
2542	1184
2543	1196
2544	1208
2545	1220
2546	1232
2547	1244
2548	1252
2549	1264
2550	1276
2551	1284
2552	1300
2553	1308
2554	1320
2555	1332
2556	1340
2557	1356
2558	1360
2559	1368
2560	1380
2561	1384
2562	1396
2563	1404
2564	1408
2565	1416
2566	1424
2567	1432
2568	1436
2569	1440
2570	1448
2571	1452
2572	1456
2573	1460
2574	1464
2575	1468
2576	1472
2577	1472
2578	1476
2579	1476
2580	1480
2581	1480
2582	1480
2583	1480
2584	1482
2585	1484
2586	1484
2587	1484
2588	1484
2589	1480
2590	1480
2591	1480
2592	1480
2593	1480
2594	1476
2595	1476
2596	1476
2597	1475
2598	1474
2599	1474
2600	1473
2601	1472
2602	1472
2603	1472
2604	1472
2605	1476
2606	1476
2607	1480
2608	1480
2609	1484
2610	1484
2611	1488
2612	1492
2613	1496
2614	1504
2615	1508
2616	1512
2617	1524
2618	1532
2619	1540
2620	1548
2621	1556
2622	1572
2623	1576
2624	1584
2625	1596
2626	1608
2627	1620
2628	1636
2629	1644
2630	1656
2631	1672
2632	1692
2633	1704
2634	1716
2635	1736
2636	1748
2637	1760
2638	1776
2639	1796
2640	1804
2641	1824
2642	1836
2643	1856
2644	1880
2645	1888
2646	1900
2647	1912
2648	1932
2649	1948
2650	1964
2651	1976
2652	1988
2653	2008
2654	2020
2655	2040
2656	2044
2657	2056
2658	2072
2659	2080
2660	2096
2661	2108
2662	2116
2663	2124
2664	2132
2665	2140
2666	2148
2667	2156
2668	2160
2669	2164
2670	2168
2671	2176
2672	2176
2673	2180
2674	2180
2675	2180
2676	2180
2677	2180
2678	2176
2679	2176
2680	2172
2681	2168
2682	2164
2683	2156
2684	2152
2685	2148
2686	2136
2687	2128
2688	2124
2689	2112
2690	2104
2691	2088
2692	2080
2693	2068
2694	2052
2695	2048
2696	2032
2697	2020
2698	2004
2699	1994
2700	1984
2701	1968
2702	1956
2703	1940
2704	1928
2705	1908
2706	1904
2707	1892
2708	1884
2709	1868
2710	1860
2711	1844
2712	1836
2713	1824
2714	1812
2715	1804
2716	1788
2717	1788
2718	1780
2719	1772
2720	1764
2721	1758
2722	1752
2723	1748
2724	1744
2725	1740
2726	1740
2727	1736
2728	1736
2729	1736
2730	1736
2731	1736
2732	1736
2733	1736
2734	1740
2735	1744
2736	1748
2737	1752
2738	1756
2739	1756
2740	1764
2741	1768
2742	1776
2743	1784
2744	1788
2745	1792
2746	1800
2747	1808
2748	1816
2749	1828
2750	1828
2751	1836
2752	1844
2753	1852
2754	1860
2755	1868
2756	1876
2757	1884
2758	1888
2759	1896
2760	1904
2761	1908
2762	1912
2763	1920
2764	1924
2765	1932
2766	1936
2767	1940
2768	1944
2769	1948
2770	1952
2771	1952
2772	1956
2773	1956
2774	1956
2775	1960
2776	1958
2777	1956
2778	1956
2779	1956
2780	1952
2781	1952
2782	1948
2783	1944
2784	1940
2785	1936
2786	1928
2787	1924
2788	1920
2789	1912
2790	1908
2791	1900
2792	1892
2793	1884
2794	1876
2795	1868
2796	1860
2797	1848
2798	1840
2799	1836
2800	1824
2801	1820
2802	1812
2803	1802
2804	1792
2805	1784
2806	1776
2807	1768
2808	1764
2809	1756
2810	1752
2811	1744
2812	1740
2813	1736
2814	1732
2815	1728
2816	1728
2817	1728
2818	1724
2819	1724
2820	1728
2821	1728
2822	1732
2823	1732
2824	1736
2825	1740
2826	1744
2827	1752
2828	1760
2829	1768
2830	1776
2831	1788
2832	1792
2833	1800
2834	1816
2835	1828
2836	1848
2837	1852
2838	1864
2839	1880
2840	1888
2841	1904
2842	1928
2843	1936
2844	1948
2845	1968
2846	1980
2847	1992
2848	2012
2849	2028
2850	2040
2851	2060
2852	2072
2853	2096
2854	2104
2855	2116
2856	2136
2857	2152
2858	2164
2859	2180
2860	2192
2861	2204
2862	2220
2863	2232
2864	2244
2865	2256
2866	2264
2867	2280
2868	2288
2869	2300
2870	2308
2871	2312
2872	2324
2873	2328
2874	2336
2875	2340
2876	2344
2877	2348
2878	2352
2879	2356
2880	2356
2881	2356
2882	2356
2883	2356
2884	2356
2885	2352
2886	2350
2887	2348
2888	2340
2889	2332
2890	2328
2891	2320
2892	2308
2893	2304
2894	2296
2895	2284
2896	2272
2897	2264
2898	2248
2899	2240
2900	2220
2901	2212
2902	2192
2903	2176
2904	2168
2905	2152
2906	2136
2907	2120
2908	2108
2909	2096
2910	2076
2911	2060
2912	2044
2913	2032
2914	2008
2915	2004
2916	1992
2917	1972
2918	1964
2919	1952
2920	1940
2921	1928
2922	1920
2923	1908
2924	1900
2925	1884
2926	1880
2927	1872
2928	1864
2929	1860
2930	1854
2931	1848
2932	1844
2933	1840
2934	1836
2935	1832
2936	1832
2937	1832
2938	1828
2939	1828
2940	1828
2941	1828
2942	1828
2943	1828
2944	1832
2945	1832
2946	1836
2947	1838
2948	1840
2949	1844
2950	1848
2951	1852
2952	1852
2953	1860
2954	1864
2955	1864
2956	1868
2957	1872
2958	1878
2959	1884
2960	1888
2961	1892
2962	1896
2963	1900
2964	1904
2965	1908
2966	1912
2967	1912
2968	1920
2969	1924
2970	1924
2971	1928
2972	1932
2973	1932
2974	1934
2975	1936
2976	1936
2977	1940
2978	1940
2979	1940
2980	1940
2981	1940
2982	1940
2983	1940
2984	1936
2985	1936
2986	1932
2987	1932
2988	1928
2989	1924
2990	1920
2991	1912
2992	1912
2993	1908
2994	1900
2995	1896
2996	1890
2997	1884
2998	1876
2999	1868
3000	1864
3001	1852
3002	1844
3003	1840
3004	1832
3005	1820
3006	1816
3007	1808
3008	1796
3009	1792
3010	1784
3011	1776
3012	1772
3013	1760
3014	1760
3015	1752
3016	1748
3017	1744
3018	1740
3019	1736
3020	1732
3021	1728
3022	1728
3023	1724
3024	1724
3025	1724
3026	1728
3027	1728
3028	1732
3029	1740
3030	1740
3031	1744
3032	1752
3033	1756
3034	1764
3035	1776
3036	1780
3037	1788
3038	1800
3039	1812
3040	1824
3041	1836
3042	1848
3043	1864
3044	1876
3045	1888
3046	1912
3047	1920
3048	1932
3049	1952
3050	1964
3051	1982
3052	2000
3053	2012
3054	2028
3055	2048
3056	2072
3057	2086
3058	2100
3059	2112
3060	2132
3061	2148
3062	2160
3063	2188
3064	2192
3065	2204
3066	2224
3067	2232
3068	2244
3069	2260
3070	2268
3071	2284
3072	2292
3073	2300
3074	2312
3075	2316
3076	2320
3077	2328
3078	2332
3079	2336
3080	2340
3081	2344
3082	2344
3083	2344
3084	2344
3085	2344
3086	2340
3087	2340
3088	2336
3089	2328
3090	2324
3091	2312
3092	2308
3093	2300
3094	2288
3095	2276
3096	2264
3097	2252
3098	2240
3099	2228
3100	2208
3101	2196
3102	2168
3103	2160
3104	2144
3105	2124
3106	2108
3107	2080
3108	2056
3109	2048
3110	2032
3111	2004
3112	1988
3113	1966
3114	1944
3115	1924
3116	1900
3117	1884
3118	1864
3119	1832
3120	1824
3121	1800
3122	1780
3123	1764
3124	1744
3125	1724
3126	1700
3127	1684
3128	1672
3129	1656
3130	1640
3131	1624
3132	1604
3133	1592
3134	1584
3135	1568
3136	1552
3137	1548
3138	1536
3139	1528
3140	1520
3141	1512
3142	1504
3143	1492
3144	1488
3145	1484
3146	1476
3147	1468
3148	1468
3149	1464
3150	1460
3151	1456
3152	1456
3153	1456
3154	1452
3155	1452
3156	1452
3157	1452
3158	1452
3159	1452
3160	1452
3161	1452
3162	1452
3163	1452
3164	1456
3165	1456
3166	1456
3167	1456
3168	1456
3169	1456
3170	1456
3171	1456
3172	1456
3173	1456
3174	1456
3175	1460
3176	1460
3177	1456
3178	1456
3179	1456
3180	1452
3181	1452
3182	1452
3183	1448
3184	1444
3185	1444
3186	1436
3187	1432
3188	1432
3189	1428
3190	1424
3191	1418
3192	1412
3193	1404
3194	1396
3195	1392
3196	1380
3197	1368
3198	1364
3199	1356
3200	1352
3201	1340
3202	1332
3203	1320
3204	1312
3205	1300
3206	1288
3207	1280
3208	1260
3209	1256
3210	1248
3211	1232
3212	1220
3213	1208
3214	1196
3215	1188
3216	1172
3217	1156
3218	1148
3219	1128
3220	1120
3221	1112
3222	1104
3223	1088
3224	1080
3225	1064
3226	1056
3227	1048
3228	1036
3229	1028
3230	1012
3231	1008
3232	1000
3233	992
3234	980
3235	976
3236	964
3237	960
3238	952
3239	948
3240	940
3241	936
3242	932
3243	924
3244	924
3245	920
3246	916
3247	908
3248	908
3249	908
3250	904
3251	900
3252	900
3253	900
3254	896
3255	896
3256	896
3257	896
3258	896
3259	896
3260	896
3261	896
3262	900
3263	900
3264	900
3265	904
3266	904
3267	904
3268	908
3269	908
3270	908
3271	912
3272	912
3273	912
3274	916
3275	916
3276	920
3277	920
3278	920
3279	920
3280	924
3281	924
3282	924
3283	924
3284	924
3285	924
3286	924
3287	924
3288	924
3289	924
3290	924
3291	924
3292	920
3293	920
3294	920
3295	916
3296	916
3297	908
3298	906
3299	904
3300	902
3301	900
3302	892
3303	888
3304	884
3305	880
3306	876
3307	872
3308	864
3309	856
3310	856
3311	848
3312	840
3313	832
3314	826
3315	820
3316	816
3317	804
3318	800
3319	792
3320	780
3321	776
3322	768
3323	764
3324	752
3325	744
3326	736
3327	728
3328	724
3329	716
3330	708
3331	702
3332	696
3333	692
3334	680
3335	676
3336	668
3337	662
3338	656
3339	652
3340	644
3341	640
3342	636
3343	628
3344	624
3345	620
3346	616
3347	608
3348	606
3349	604
3350	596
3351	596
3352	592
3353	588
3354	584
3355	584
3356	580
3357	576
3358	576
3359	573
3360	570
3361	567
3362	564
3363	564
3364	560
3365	560
3366	560
3367	556
3368	556
3369	556
3370	556
3371	552
3372	552
3373	552
3374	552
3375	552
3376	548
3377	548
3378	548
3379	548
3380	548
3381	548
3382	548
3383	548
3384	548
3385	548
3386	552
3387	552
3388	552
3389	552
3390	552
3391	552
3392	552
3393	556
3394	556
3395	556
3396	556
3397	556
3398	560
3399	560
3400	560
3401	564
3402	564
3403	564
3404	568
3405	570
3406	572
3407	572
3408	576
3409	576
3410	580
3411	584
3412	584
3413	584
3414	588
3415	592
3416	596
3417	596
3418	600
3419	604
3420	604
3421	608
3422	612
3423	616
3424	620
3425	620
3426	628
3427	630
3428	632
3429	636
3430	640
3431	644
3432	648
3433	656
3434	660
3435	664
3436	668
3437	672
3438	676
3439	680
3440	688
3441	692
3442	696
3443	700
3444	708
3445	712
3446	716
3447	720
3448	724
3449	730
3450	736
3451	740
3452	744
3453	748
3454	756
3455	760
3456	764
3457	768
3458	772
3459	780
3460	784
3461	788
3462	792
3463	796
3464	800
3465	804
3466	808
3467	812
3468	816
3469	816
3470	820
3471	824
3472	828
3473	828
3474	832
3475	835
3476	838
3477	841
3478	844
3479	844
3480	844
3481	848
3482	848
3483	852
3484	852
3485	852
3486	852
3487	856
3488	856
3489	856
3490	856
3491	856
3492	856
3493	860
3494	860
3495	860
3496	860
3497	860
3498	860
3499	860
3500	860
3501	860
3502	864
3503	864
3504	864
3505	866
3506	868
3507	868
3508	868
3509	868
3510	872
3511	876
3512	876
3513	880
3514	880
3515	884
3516	892
3517	892
3518	896
3519	896
3520	900
3521	908
3522	916
3523	920
3524	924
3525	928
3526	936
3527	940
3528	948
3529	956
3530	960
3531	972
3532	980
3533	992
3534	996
3535	1004
3536	1012
3537	1028
3538	1036
3539	1048
3540	1056
3541	1064
3542	1080
3543	1088
3544	1098
3545	1108
3546	1120
3547	1132
3548	1144
3549	1156
3550	1176
3551	1180
3552	1184
3553	1200
3554	1208
3555	1224
3556	1240
3557	1248
3558	1256
3559	1268
3560	1280
3561	1290
3562	1300
3563	1312
3564	1324
3565	1332
3566	1344
3567	1356
3568	1364
3569	1372
3570	1380
3571	1388
3572	1396
3573	1408
3574	1412
3575	1420
3576	1428
3577	1432
3578	1440
3579	1448
3580	1452
3581	1456
3582	1460
3583	1464
3584	1468
3585	1472
3586	1476
3587	1476
3588	1480
3589	1480
3590	1484
3591	1484
3592	1484
3593	1488
3594	1488
3595	1488
3596	1488
3597	1484
3598	1484
3599	1484
3600	1484
3601	1482
3602	1480
3603	1480
3604	1480
3605	1476
3606	1476
3607	1476
3608	1476
3609	1472
3610	1472
3611	1472
3612	1472
3613	1476
3614	1476
3615	1476
3616	1476
3617	1480
3618	1480
3619	1484
3620	1488
3621	1492
3622	1496
3623	1500
3624	1504
3625	1512
3626	1516
3627	1520
3628	1532
3629	1536
3630	1544
3631	1552
3632	1564
3633	1572
3634	1584
3635	1596
3636	1608
3637	1620
3638	1628
3639	1640
3640	1652
3641	1666
3642	1680
3643	1692
3644	1712
3645	1728
3646	1744
3647	1756
3648	1768
3649	1788
3650	1804
3651	1824
3652	1832
3653	1860
3654	1864
3655	1884
3656	1900
3657	1912
3658	1924
3659	1944
3660	1956
3661	1968
3662	1988
3663	2000
3664	2024
3665	2028
3666	2040
3667	2052
3668	2064
3669	2076
3670	2092
3671	2096
3672	2104
3673	2116
3674	2124
3675	2132
3676	2140
3677	2148
3678	2152
3679	2160
3680	2164
