$SPEC_ID:
No sample description was entered.
$SPEC_REM:
DET# 1
DETDESC# AICTER-PC Easy-MCA-8k SN 18110698
AP# Maestro Version 7.01
$DATE_MEA:
10/23/2023 17:11:16
$MEAS_TIM:
127 388
$DATA:
0 511
       0
       0
       0
       0
       0
       0
       0
       0
       0
       0
       0
       0
       0
       0
       0
       0
       0
       0
       0
       1
    3896
    3888
    4357
    4391
    3889
    4500
    4247
    3888
    4650
    4098
    3890
    4737
    4009
    3890
    4785
    3961
    3893
    4823
    3920
    3903
    4838
    3895
    3926
    4821
    3889
    3974
    4772
    3890
    4114
    4634
    3888
    4290
    4458
    3888
    4364
    4384
    3888
    4524
    4224
    3888
    4681
    4067
    3891
    4761
    3984
    3888
    4813
    3935
    3899
    4838
    3897
    3921
    4826
    3891
    3959
    4788
    3889
    3969
    4777
    3889
    4054
    4695
    3884
    4223
    4524
    3885
    4362
    4380
    3890
    4534
    4207
    3882
    4632
    4094
    3889
    4724
    3989
    3906
    4763
    3931
    3897
    4740
    3886
    3910
    4705
    3886
    3942
    4664
    3834
    3970
    4611
    3819
    4009
    4561
    3760
    3973
    4626
    3760
    3992
    4491
    3839
    3973
    4419
    4043
    3846
    4381
    4109
    3859
    4218
    4338
    3932
    4065
    4449
    3959
    3934
    4365
    4188
    3903
    4327
    4343
    3881
    4175
    4489
    3896
    4047
    4607
    3941
    3991
    4537
    4080
    3963
    4376
    4285
    3918
    4247
    4466
    3911
    4095
    4614
    3913
    4017
    4607
    4006
    3969
    4498
    4167
    3938
    4300
    4396
    3921
    4154
    4555
    3902
    4043
    4636
    3954
    3976
    4547
    4111
    3921
    4359
    4352
    3906
    4184
    4541
    3897
    4057
    4633
    3947
    4005
    4601
    4028
    3933
    4451
    4251
    3909
    4256
    4468
    3897
    4122
    4586
    3924
    3992
    4598
    4044
    3932
    4474
    4230
    3908
    4307
    4420
    3895
    4120
    4586
    3925
    4015
    4587
    4034
    3950
    4480
    4205
    3914
    4327
    4395
    3893
    4160
    4568
    3906
    4059
    4583
    3991
    3940
    4432
    4264
    3905
    4299
    4429
    3895
    4166
    4577
    3897
    4189
    4533
    3914
    4037
    4599
    3993
    3982
    4544
    4109
    3941
    4402
    4293
    3904
    4165
    4524
    3934
    4058
    4538
    4039
    3986
    4455
    4193
    3931
    4351
    4352
    3905
    4226
    4496
    3902
    4064
    4536
    4033
    3981
    4472
    4183
    3936
    4329
    4369
    3900
    4208
    4509
    3913
    4081
    4508
    4043
    3975
    4468
    4193
    3937
    4355
    4331
    3909
    4155
    4531
    3948
    4031
    4539
    4063
    3966
    4396
    4271
    3933
    4311
    4385
    3915
    4160
    4514
    3949
    4085
    4509
    4036
    3996
    4371
    4268
    3930
    4326
    4372
    3918
    4185
    4497
    3941
    4073
    4489
    4068
    4000
    4419
    4214
    3960
    4306
    4365
    3915
    4182
    4491
    3952
    4115
    4472
    4043
    4027
    4436
    4172
    3975
    4348
    4286
    3936
    4164
    4500
    3962
    4111
    4450
    4063
    3993
    4438
    4204
    3954
    4356
    4315
    3938
    4256
    4402
    3960
    4146
    4462
    4014
    4060
    4390
    4178
    3982
    4366
    4278
    3956
    4248
    4405
    3965
    4184
    4432
    3996
    4074
    4458
    4100
    3994
    4425
    4204
    3968
    4324
    4308
    3967
    4260
    4390
    3954
    4209
    4403
    4000
    4107
    4430
    4071
    4020
    4344
    4247
    3997
    4303
    4307
    3969
    4200
    4414
    4010
    4119
    4446
    4052
    4062
    4321
    4228
    4002
    4325
    4288
    3984
    4230
    4376
    4000
    4130
    4419
    4074
    4043
    4395
    4177
    4021
    4375
    4220
    4002
    4293
    4300
    3997
    4206
    4353
    4070
    4098
    4409
    4106
    4054
    4376
    4185
    4033
    4305
    4266
    4014
    4241
    4350
    4014
    4158
    4364
    4090
    4119
    4329
    4164
    4041
    4351
    4215
    4034
    4274
    4306
    3999
    4250
    4275
    4080
    4105
    4361
    4147
    4059
    4363
    4186
    4021
    4338
    4251
    4035
    4200
    4352
    4047
     892
       0
       0
       0
       0
       0
       0
       0
       0
       0
       0
       0
       0
       0
       0
       0
       0
       0
       0
       0
       0
       0
       0
       0
       0
       0
       0
       0
       0
       0
       0
       0
       0
       0
       0
$ROI:
0
$PRESETS:
None
0
0
$ENER_FIT:
0.000000 1.000000
$MCA_CAL:
3
0.000000E+000 1.000000E+000 0.000000E+000 keV
$SHAPE_CAL:
3
0.000000E+000 0.000000E+000 0.000000E+000
