$SPEC_ID:
No sample description was entered.
$SPEC_REM:
DET# 1
DETDESC# AICTER-PC Easy-MCA-8k SN 18110698
AP# Maestro Version 7.01
$DATE_MEA:
10/23/2023 16:12:39
$MEAS_TIM:
11 85
$DATA:
0 511
       0
       0
       0
       0
       0
       0
       0
       0
       0
       0
       0
       0
       0
       0
       0
       0
       0
       0
       0
       0
       0
       0
       0
       0
       0
       0
       0
       0
       0
       0
    3251
    3610
    3428
    4139
    3574
    3434
    4206
    3501
    3434
    4221
    3486
    3433
    4237
    3471
    3437
    4249
    3455
    3452
    4250
    3439
    3453
    4259
    3437
    3467
    4250
    3437
    3495
    4225
    3434
    3530
    4192
    3432
    3566
    4156
    3432
    3623
    4099
    3432
    3705
    4017
    3432
    3759
    3963
    3432
    3852
    3870
    3432
    3844
    3878
    3432
    3921
    3801
    3432
    4028
    3693
    3433
    4069
    3652
    3433
    4114
    3608
    3432
    4173
    3549
    3432
    4205
    3515
    3433
    4220
    3501
    3432
    4235
    3486
    3432
    4260
    3452
    3425
    4266
    3456
    3426
    4273
    3433
    3443
    4247
    3446
    3444
    4229
    3465
    3423
    4212
    3467
    3428
    4159
    3502
    3406
    4127
    3506
    3451
    4048
    3467
    3522
    3973
    3445
    3608
    3904
    3438
    3665
    3863
    3412
    3719
    3805
    3382
    3711
    3816
    3392
    3656
    3924
    3368
    3527
    4105
    3372
    3431
    4181
    3350
    3468
    4182
    3440
    3360
    4162
    3491
    3443
    3923
    3740
    3389
    3672
    4039
    3415
    3530
    4151
    3442
    3459
    4216
    3449
    3450
    4186
    3508
    3440
    4010
    3697
    3431
    3681
    4036
    3431
    3495
    4222
    3434
    3456
    4248
    3448
    3435
    4221
    3497
    3432
    4089
    3634
    3431
    3744
    3979
    3431
    3531
    4191
    3432
    3451
    4259
    3444
    3432
    4214
    3508
    3432
    3919
    3803
    3432
    3677
    4045
    3432
    3509
    4210
    3435
    3450
    4260
    3444
    3432
    4206
    3516
    3432
    3991
    3731
    3432
    3760
    3962
    3432
    3467
    4253
    3434
    3435
    4262
    3457
    3432
    4175
    3547
    3433
    4221
    3500
    3432
    4056
    3666
    3432
    3795
    3927
    3432
    3557
    4164
    3433
    3463
    4224
    3467
    3433
    4163
    3558
    3432
    3913
    3809
    3432
    3681
    4041
    3432
    3507
    4210
    3437
    3439
    4247
    3468
    3434
    4164
    3556
    3432
    3830
    3892
    3432
    3609
    4113
    3432
    3482
    4221
    3451
    3432
    4208
    3514
    3432
    4027
    3695
    3432
    3612
    4109
    3433
    3504
    4213
    3437
    3437
    4257
    3460
    3433
    4091
    3630
    3432
    3899
    3823
    3432
    3597
    4124
    3433
    3479
    4240
    3435
    3435
    4223
    3496
    3432
    4064
    3658
    3432
    3800
    3922
    3432
    3592
    4128
    3434
    3480
    4227
    3447
    3436
    4196
    3522
    3432
    4053
    3669
    3432
    3785
    3936
    3433
    3575
    4147
    3432
    3454
    4235
    3465
    3436
    4155
    3563
    3434
    3908
    3812
    3432
    3740
    3982
    3432
    3522
    4195
    3437
    3459
    4243
    3452
    3440
    4169
    3545
    3432
    3916
    3806
    3432
    3692
    4030
    3432
    3545
    4172
    3437
    3465
    4221
    3468
    3440
    4186
    3527
    3428
    4019
    3694
    3429
    3832
    3880
    3428
    3729
    3984
    3428
    3570
    4139
    3432
    3481
    4184
    3476
    3438
    4138
    3565
    3432
    3999
    3710
    3428
    3699
    4014
    3428
    3553
    4155
    3433
    3459
    4196
    3486
    3436
    4089
    3616
    3429
    3900
    3812
    3428
    3711
    4002
    3428
    3592
    4114
    3435
    3514
    4159
    3468
    3448
    4165
    3528
    3432
    4058
    3651
    3429
    3845
    3866
    3429
    3680
    4028
    3433
    3535
    4152
    3454
    3477
    4165
    3499
    3437
    4095
    3608
    3430
    3927
    3784
    3429
    3741
    3970
    3430
    3602
    4095
    3444
    3477
    4144
    3520
    3441
    4086
    3614
    3434
    3956
    3749
    3432
    3773
    3937
    3429
    3658
    4049
    2577
       0
       0
       0
       0
       0
       0
       0
       0
       0
       0
       0
       0
       0
       0
       0
       0
       0
       0
       0
       0
       0
       0
       0
       0
       0
       0
       0
       0
       0
       0
       0
       0
       0
       0
       0
$ROI:
0
$PRESETS:
None
0
0
$ENER_FIT:
0.000000 1.000000
$MCA_CAL:
3
0.000000E+000 1.000000E+000 0.000000E+000 keV
$SHAPE_CAL:
3
0.000000E+000 0.000000E+000 0.000000E+000
