$SPEC_ID:
No sample description was entered.
$SPEC_REM:
DET# 1
DETDESC# AICTER-PC Easy-MCA-8k SN 18110698
AP# Maestro Version 7.01
$DATE_MEA:
10/23/2023 14:35:33
$MEAS_TIM:
46 313
$DATA:
0 511
       0
       0
    7073
    3566
    5839
    3139
    3137
    3137
    3137
    3137
    3137
    3137
    3137
    3137
    3143
    5944
    3461
    3137
    3137
    3137
    3137
    3137
    3137
    3137
    3137
    3139
    3594
    5814
    3138
    3136
    3137
    3137
    3137
    3137
    3137
    3137
    3142
    3151
    5959
    3433
    3137
    3137
    3137
    3137
    3137
    3138
    3138
    3140
    3138
    3274
    6124
    3144
    3137
    3137
    3137
    3137
    3139
    3137
    3139
    3137
    3138
    4936
    4462
    3136
    3137
    3136
    3136
    3136
    3137
    3138
    3134
    3139
    3175
    6197
    3164
    3136
    3137
    3137
    3136
    3136
    3138
    3136
    3139
    3139
    4055
    5343
    3135
    3125
    3137
    3142
    3137
    3143
    3135
    3137
    3137
    3143
    5925
    3408
    3122
    3101
    3143
    3103
    3131
    3204
    3215
    3135
    3140
    3224
    5776
    3089
    3059
    3085
    3065
    3076
    3117
    3135
    3527
    3474
    3138
    3544
    4476
    3019
    3062
    3066
    3016
    3109
    3019
    3016
    3255
    3955
    4217
    3671
    3260
    3092
    3104
    3047
    3108
    3083
    3071
    3090
    3086
    3358
    4497
    4560
    3149
    3112
    3113
    3128
    3121
    3134
    3128
    3134
    3120
    3139
    3526
    4834
    4165
    3131
    3131
    3136
    3132
    3138
    3138
    3133
    3137
    3133
    3168
    3621
    5168
    3722
    3136
    3136
    3137
    3134
    3136
    3136
    3136
    3136
    3139
    3176
    3648
    5401
    3452
    3136
    3136
    3136
    3136
    3136
    3136
    3136
    3138
    3139
    3186
    4005
    5253
    3231
    3136
    3136
    3136
    3136
    3136
    3136
    3136
    3136
    3140
    3191
    4126
    5142
    3217
    3136
    3136
    3136
    3136
    3136
    3136
    3136
    3136
    3141
    3199
    4377
    4920
    3179
    3136
    3136
    3136
    3136
    3136
    3136
    3136
    3137
    3147
    3212
    4395
    4893
    3168
    3136
    3136
    3136
    3136
    3135
    3135
    3136
    3139
    3148
    3572
    5175
    3781
    3136
    3136
    3136
    3136
    3136
    3136
    3136
    3136
    3139
    3146
    3591
    5159
    3780
    3136
    3135
    3136
    3136
    3136
    3136
    3136
    3138
    3139
    3158
    3795
    5089
    3635
    3137
    3137
    3136
    3136
    3137
    3138
    3136
    3139
    3146
    3167
    3772
    5124
    3607
    3138
    3136
    3137
    3137
    3136
    3137
    3135
    3137
    3141
    3170
    3844
    5045
    3615
    3137
    3137
    3137
    3137
    3137
    3137
    3136
    3141
    3142
    3181
    3987
    5028
    3480
    3136
    3137
    3137
    3137
    3137
    3137
    3138
    3140
    3140
    3233
    4108
    4923
    3410
    3135
    3138
    3136
    3136
    3137
    3137
    3136
    3138
    3143
    3273
    4235
    4833
    3324
    3134
    3135
    3135
    3134
    3135
    3134
    3134
    3134
    3143
    3318
    4354
    4730
    3266
    3137
    3137
    3137
    3137
    3137
    3138
    3139
    3139
    3159
    3429
    4570
    4434
    3219
    3133
    3130
    3131
    3133
    3129
    3130
    3136
    3136
    3173
    3499
    4733
    4235
    3154
    3134
    3134
    3136
    3134
    3133
    3134
    3135
    3141
    3195
    3745
    4941
    3762
    3136
    3131
    3131
    3131
    3130
    3136
    3136
    3139
    3145
    3305
    3982
    4764
    3602
    3137
    3136
    3137
    3137
    3135
    3134
    3136
    3140
    3149
    3329
    4124
    4649
    3541
    3127
    3128
    3129
    3132
    3131
    3134
    3133
    3133
    3176
    3421
    4348
    4488
    3340
    3130
    3130
    3130
    3130
    3132
    3129
    3131
    3141
    3196
    3531
    4552
    4222
    3253
    3128
    3130
    3132
    3129
    3133
    3134
    3135
    3138
    3251
    3683
    4669
    3981
    3197
    3131
    3133
    3128
    3134
    3130
    3129
    3128
    3146
    3277
    3854
    4552
    3882
    3173
    3128
    3127
    3127
    3127
    3130
    3130
    3132
    3177
    3367
    4645
    1316
       0
       0
       0
       0
       0
       0
       0
       0
       0
       0
       0
       0
       0
       0
       0
       0
       0
       0
       0
       0
       0
       0
       0
       0
       0
       0
       0
       0
       0
       0
       0
       0
       0
       0
$ROI:
0
$PRESETS:
None
0
0
$ENER_FIT:
0.000000 1.000000
$MCA_CAL:
3
0.000000E+000 1.000000E+000 0.000000E+000 keV
$SHAPE_CAL:
3
0.000000E+000 0.000000E+000 0.000000E+000
